IOC_TEST:m0s001-AI01-Arr       2022-11-18 12:16:54.411664 1  
IOC_TEST:m0s001-AI01-Arr       2022-11-18 12:16:54.412593 -2  
IOC_TEST:m0s001-AI01-Arr       2022-11-18 12:16:54.413571 1  
IOC_TEST:m0s001-AI01-Arr       2022-11-18 12:16:54.414565 -2  
IOC_TEST:m0s001-AI01-Arr       2022-11-18 12:16:54.415561 -3  
IOC_TEST:m0s001-AI01-Arr       2022-11-18 12:16:54.416560 0  
IOC_TEST:m0s001-AI01-Arr       2022-11-18 12:16:54.417558 -4  
IOC_TEST:m0s001-AI01-Arr       2022-11-18 12:16:54.418559 0  
IOC_TEST:m0s001-AI01-Arr       2022-11-18 12:16:54.419747 -3  
IOC_TEST:m0s001-AI01-Arr       2022-11-18 12:16:54.420545 -3  
IOC_TEST:m0s001-AI01-Arr       2022-11-18 12:16:54.421547 1  
IOC_TEST:m0s001-AI01-Arr       2022-11-18 12:16:54.422547 -4  
IOC_TEST:m0s001-AI01-Arr       2022-11-18 12:16:54.423547 -6  
IOC_TEST:m0s001-AI01-Arr       2022-11-18 12:16:54.424548 0  
IOC_TEST:m0s001-AI01-Arr       2022-11-18 12:16:54.425539 -2  
IOC_TEST:m0s001-AI01-Arr       2022-11-18 12:16:54.426543 -2  
IOC_TEST:m0s001-AI01-Arr       2022-11-18 12:16:54.427586 -4  
IOC_TEST:m0s001-AI01-Arr       2022-11-18 12:16:54.428603 0  
IOC_TEST:m0s001-AI01-Arr       2022-11-18 12:16:54.429560 -4  
IOC_TEST:m0s001-AI01-Arr       2022-11-18 12:16:54.430605 -2  
IOC_TEST:m0s001-AI01-Arr       2022-11-18 12:16:54.431593 0  
IOC_TEST:m0s001-AI01-Arr       2022-11-18 12:16:54.432601 -2  
IOC_TEST:m0s001-AI01-Arr       2022-11-18 12:16:54.433600 -3  
IOC_TEST:m0s001-AI01-Arr       2022-11-18 12:16:54.434572 -2  
IOC_TEST:m0s001-AI01-Arr       2022-11-18 12:16:54.435571 0  
IOC_TEST:m0s001-AI01-Arr       2022-11-18 12:16:54.436570 0  
IOC_TEST:m0s001-AI01-Arr       2022-11-18 12:16:54.437570 0  
IOC_TEST:m0s001-AI01-Arr       2022-11-18 12:16:54.438595 -2  
IOC_TEST:m0s001-AI01-Arr       2022-11-18 12:16:54.439589 -3  
IOC_TEST:m0s001-AI01-Arr       2022-11-18 12:16:54.440587 -3  
IOC_TEST:m0s001-AI01-Arr       2022-11-18 12:16:54.441604 0  
IOC_TEST:m0s001-AI01-Arr       2022-11-18 12:16:54.442623 -2  
IOC_TEST:m0s001-AI01-Arr       2022-11-18 12:16:54.443612 -4  
IOC_TEST:m0s001-AI01-Arr       2022-11-18 12:16:54.444601 -2  
IOC_TEST:m0s001-AI01-Arr       2022-11-18 12:16:54.445599 -3  
IOC_TEST:m0s001-AI01-Arr       2022-11-18 12:16:54.446597 -3  
IOC_TEST:m0s001-AI01-Arr       2022-11-18 12:16:54.447599 3  
IOC_TEST:m0s001-AI01-Arr       2022-11-18 12:16:54.448560 0  
IOC_TEST:m0s001-AI01-Arr       2022-11-18 12:16:54.449715 -2  
IOC_TEST:m0s001-AI01-Arr       2022-11-18 12:16:54.450574 0  
IOC_TEST:m0s001-AI01-Arr       2022-11-18 12:16:54.451558 -2  
IOC_TEST:m0s001-AI01-Arr       2022-11-18 12:16:54.452600 0  
IOC_TEST:m0s001-AI01-Arr       2022-11-18 12:16:54.453602 -2  
IOC_TEST:m0s001-AI01-Arr       2022-11-18 12:16:54.454597 0  
IOC_TEST:m0s001-AI01-Arr       2022-11-18 12:16:54.455594 -3  
IOC_TEST:m0s001-AI01-Arr       2022-11-18 12:16:54.456599 -2  
IOC_TEST:m0s001-AI01-Arr       2022-11-18 12:16:54.457594 -2  
IOC_TEST:m0s001-AI01-Arr       2022-11-18 12:16:54.458602 -6  
IOC_TEST:m0s001-AI01-Arr       2022-11-18 12:16:54.459632 1  
IOC_TEST:m0s001-AI01-Arr       2022-11-18 12:16:54.460564 -2  
IOC_TEST:m0s001-AI01-Arr       2022-11-18 12:16:54.461575 -3  
IOC_TEST:m0s001-AI01-Arr       2022-11-18 12:16:54.462694 -3  
IOC_TEST:m0s001-AI01-Arr       2022-11-18 12:16:54.463584 1  
IOC_TEST:m0s001-AI01-Arr       2022-11-18 12:16:54.464600 0  
IOC_TEST:m0s001-AI01-Arr       2022-11-18 12:16:54.465604 -2  
IOC_TEST:m0s001-AI01-Arr       2022-11-18 12:16:54.466591 1  
IOC_TEST:m0s001-AI01-Arr       2022-11-18 12:16:54.467578 -3  
IOC_TEST:m0s001-AI01-Arr       2022-11-18 12:16:54.468577 1  
IOC_TEST:m0s001-AI01-Arr       2022-11-18 12:16:54.469627 -4  
IOC_TEST:m0s001-AI01-Arr       2022-11-18 12:16:54.470603 -3  
IOC_TEST:m0s001-AI01-Arr       2022-11-18 12:16:54.471563 -2  
IOC_TEST:m0s001-AI01-Arr       2022-11-18 12:16:54.472560 -2  
IOC_TEST:m0s001-AI01-Arr       2022-11-18 12:16:54.473609 0  
IOC_TEST:m0s001-AI01-Arr       2022-11-18 12:16:54.474610 -3  
IOC_TEST:m0s001-AI01-Arr       2022-11-18 12:16:54.475636 0  
IOC_TEST:m0s001-AI01-Arr       2022-11-18 12:16:54.476619 -3  
IOC_TEST:m0s001-AI01-Arr       2022-11-18 12:16:54.477598 -2  
IOC_TEST:m0s001-AI01-Arr       2022-11-18 12:16:54.478597 -2  
IOC_TEST:m0s001-AI01-Arr       2022-11-18 12:16:54.479597 0  
IOC_TEST:m0s001-AI01-Arr       2022-11-18 12:16:54.480598 -2  
IOC_TEST:m0s001-AI01-Arr       2022-11-18 12:16:54.481597 -3  
IOC_TEST:m0s001-AI01-Arr       2022-11-18 12:16:54.482601 0  
IOC_TEST:m0s001-AI01-Arr       2022-11-18 12:16:54.483596 1  
IOC_TEST:m0s001-AI01-Arr       2022-11-18 12:16:54.484595 -4  
IOC_TEST:m0s001-AI01-Arr       2022-11-18 12:16:54.485595 -3  
IOC_TEST:m0s001-AI01-Arr       2022-11-18 12:16:54.486597 -2  
IOC_TEST:m0s001-AI01-Arr       2022-11-18 12:16:54.487597 -4  
IOC_TEST:m0s001-AI01-Arr       2022-11-18 12:16:54.488597 -2  
IOC_TEST:m0s001-AI01-Arr       2022-11-18 12:16:54.489596 -4  
IOC_TEST:m0s001-AI01-Arr       2022-11-18 12:16:54.490596 -4  
IOC_TEST:m0s001-AI01-Arr       2022-11-18 12:16:54.491596 -2  
IOC_TEST:m0s001-AI01-Arr       2022-11-18 12:16:54.492597 -3  
IOC_TEST:m0s001-AI01-Arr       2022-11-18 12:16:54.493597 -7  
IOC_TEST:m0s001-AI01-Arr       2022-11-18 12:16:54.494562 -3  
IOC_TEST:m0s001-AI01-Arr       2022-11-18 12:16:54.495587 -3  
IOC_TEST:m0s001-AI01-Arr       2022-11-18 12:16:54.496593 0  
IOC_TEST:m0s001-AI01-Arr       2022-11-18 12:16:54.497578 -2  
IOC_TEST:m0s001-AI01-Arr       2022-11-18 12:16:54.498592 -2  
IOC_TEST:m0s001-AI01-Arr       2022-11-18 12:16:54.499593 -4  
IOC_TEST:m0s001-AI01-Arr       2022-11-18 12:16:54.500604 -2  
IOC_TEST:m0s001-AI01-Arr       2022-11-18 12:16:54.501591 -3  
IOC_TEST:m0s001-AI01-Arr       2022-11-18 12:16:54.502574 1  
IOC_TEST:m0s001-AI01-Arr       2022-11-18 12:16:54.503591 -3  
IOC_TEST:m0s001-AI01-Arr       2022-11-18 12:16:54.504590 0  
IOC_TEST:m0s001-AI01-Arr       2022-11-18 12:16:54.505574 2  
IOC_TEST:m0s001-AI01-Arr       2022-11-18 12:16:54.506593 -2  
IOC_TEST:m0s001-AI01-Arr       2022-11-18 12:16:54.507598 -4  
IOC_TEST:m0s001-AI01-Arr       2022-11-18 12:16:54.508608 -4  
IOC_TEST:m0s001-AI01-Arr       2022-11-18 12:16:54.509606 -4  
IOC_TEST:m0s001-AI01-Arr       2022-11-18 12:16:54.510586 -2  
IOC_TEST:m0s001-AI01-Arr       2022-11-18 12:16:54.511575 -3  
IOC_TEST:m0s001-AI01-Arr       2022-11-18 12:16:54.512570 -2  
IOC_TEST:m0s001-AI01-Arr       2022-11-18 12:16:54.513594 0  
IOC_TEST:m0s001-AI01-Arr       2022-11-18 12:16:54.514599 1  
IOC_TEST:m0s001-AI01-Arr       2022-11-18 12:16:54.515590 -2  
IOC_TEST:m0s001-AI01-Arr       2022-11-18 12:16:54.516570 -6  
IOC_TEST:m0s001-AI01-Arr       2022-11-18 12:16:54.517573 -2  
IOC_TEST:m0s001-AI01-Arr       2022-11-18 12:16:54.518571 -2  
IOC_TEST:m0s001-AI01-Arr       2022-11-18 12:16:54.519589 -3  
IOC_TEST:m0s001-AI01-Arr       2022-11-18 12:16:54.520731 -2  
IOC_TEST:m0s001-AI01-Arr       2022-11-18 12:16:54.521550 -2  
IOC_TEST:m0s001-AI01-Arr       2022-11-18 12:16:54.522547 -3  
IOC_TEST:m0s001-AI01-Arr       2022-11-18 12:16:54.523545 0  
IOC_TEST:m0s001-AI01-Arr       2022-11-18 12:16:54.524541 0  
IOC_TEST:m0s001-AI01-Arr       2022-11-18 12:16:54.525540 -2  
IOC_TEST:m0s001-AI01-Arr       2022-11-18 12:16:54.526542 0  
IOC_TEST:m0s001-AI01-Arr       2022-11-18 12:16:54.527602 0  
IOC_TEST:m0s001-AI01-Arr       2022-11-18 12:16:54.528629 -4  
IOC_TEST:m0s001-AI01-Arr       2022-11-18 12:16:54.529624 -2  
IOC_TEST:m0s001-AI01-Arr       2022-11-18 12:16:54.530606 -2  
IOC_TEST:m0s001-AI01-Arr       2022-11-18 12:16:54.531603 -4  
IOC_TEST:m0s001-AI01-Arr       2022-11-18 12:16:54.532601 -2  
IOC_TEST:m0s001-AI01-Arr       2022-11-18 12:16:54.533575 -2  
IOC_TEST:m0s001-AI01-Arr       2022-11-18 12:16:54.534596 -3  
IOC_TEST:m0s001-AI01-Arr       2022-11-18 12:16:54.535576 -3  
IOC_TEST:m0s001-AI01-Arr       2022-11-18 12:16:54.536594 1  
IOC_TEST:m0s001-AI01-Arr       2022-11-18 12:16:54.537574 -4  
IOC_TEST:m0s001-AI01-Arr       2022-11-18 12:16:54.538591 -2  
IOC_TEST:m0s001-AI01-Arr       2022-11-18 12:16:54.539598 -3  
IOC_TEST:m0s001-AI01-Arr       2022-11-18 12:16:54.540595 0  
IOC_TEST:m0s001-AI01-Arr       2022-11-18 12:16:54.541598 0  
IOC_TEST:m0s001-AI01-Arr       2022-11-18 12:16:54.542622 -3  
IOC_TEST:m0s001-AI01-Arr       2022-11-18 12:16:54.543681 -3  
IOC_TEST:m0s001-AI01-Arr       2022-11-18 12:16:54.544554 -3  
IOC_TEST:m0s001-AI01-Arr       2022-11-18 12:16:54.545682 -3  
IOC_TEST:m0s001-AI01-Arr       2022-11-18 12:16:54.546554 -2  
IOC_TEST:m0s001-AI01-Arr       2022-11-18 12:16:54.547609 -3  
IOC_TEST:m0s001-AI01-Arr       2022-11-18 12:16:54.548600 -3  
IOC_TEST:m0s001-AI01-Arr       2022-11-18 12:16:54.549600 0  
IOC_TEST:m0s001-AI01-Arr       2022-11-18 12:16:54.550597 -3  
IOC_TEST:m0s001-AI01-Arr       2022-11-18 12:16:54.551596 1  
IOC_TEST:m0s001-AI01-Arr       2022-11-18 12:16:54.552598 -2  
IOC_TEST:m0s001-AI01-Arr       2022-11-18 12:16:54.553596 -2  
IOC_TEST:m0s001-AI01-Arr       2022-11-18 12:16:54.554599 -6  
IOC_TEST:m0s001-AI01-Arr       2022-11-18 12:16:54.555606 -2  
IOC_TEST:m0s001-AI01-Arr       2022-11-18 12:16:54.556598 -3  
IOC_TEST:m0s001-AI01-Arr       2022-11-18 12:16:54.557562 -3  
IOC_TEST:m0s001-AI01-Arr       2022-11-18 12:16:54.558559 0  
IOC_TEST:m0s001-AI01-Arr       2022-11-18 12:16:54.559604 -2  
IOC_TEST:m0s001-AI01-Arr       2022-11-18 12:16:54.560787 -4  
IOC_TEST:m0s001-AI01-Arr       2022-11-18 12:16:54.561602 -2  
IOC_TEST:m0s001-AI01-Arr       2022-11-18 12:16:54.562693 -3  
IOC_TEST:m0s001-AI01-Arr       2022-11-18 12:16:54.563745 -4  
IOC_TEST:m0s001-AI01-Arr       2022-11-18 12:16:54.564667 -4  
IOC_TEST:m0s001-AI01-Arr       2022-11-18 12:16:54.565673 0  
IOC_TEST:m0s001-AI01-Arr       2022-11-18 12:16:54.566582 -4  
IOC_TEST:m0s001-AI01-Arr       2022-11-18 12:16:54.567598 -3  
IOC_TEST:m0s001-AI01-Arr       2022-11-18 12:16:54.568584 -2  
IOC_TEST:m0s001-AI01-Arr       2022-11-18 12:16:54.569606 -2  
IOC_TEST:m0s001-AI01-Arr       2022-11-18 12:16:54.570606 -2  
IOC_TEST:m0s001-AI01-Arr       2022-11-18 12:16:54.571564 1  
IOC_TEST:m0s001-AI01-Arr       2022-11-18 12:16:54.572559 -4  
IOC_TEST:m0s001-AI01-Arr       2022-11-18 12:16:54.573558 -4  
IOC_TEST:m0s001-AI01-Arr       2022-11-18 12:16:54.574605 -3  
IOC_TEST:m0s001-AI01-Arr       2022-11-18 12:16:54.575672 0  
IOC_TEST:m0s001-AI01-Arr       2022-11-18 12:16:54.576669 -2  
IOC_TEST:m0s001-AI01-Arr       2022-11-18 12:16:54.577605 -3  
IOC_TEST:m0s001-AI01-Arr       2022-11-18 12:16:54.578598 -3  
IOC_TEST:m0s001-AI01-Arr       2022-11-18 12:16:54.579600 1  
IOC_TEST:m0s001-AI01-Arr       2022-11-18 12:16:54.580611 -3  
IOC_TEST:m0s001-AI01-Arr       2022-11-18 12:16:54.581563 -2  
IOC_TEST:m0s001-AI01-Arr       2022-11-18 12:16:54.582558 -3  
IOC_TEST:m0s001-AI01-Arr       2022-11-18 12:16:54.583559 -2  
IOC_TEST:m0s001-AI01-Arr       2022-11-18 12:16:54.584559 -3  
IOC_TEST:m0s001-AI01-Arr       2022-11-18 12:16:54.585558 0  
IOC_TEST:m0s001-AI01-Arr       2022-11-18 12:16:54.586560 -3  
IOC_TEST:m0s001-AI01-Arr       2022-11-18 12:16:54.587557 -3  
IOC_TEST:m0s001-AI01-Arr       2022-11-18 12:16:54.588557 -4  
IOC_TEST:m0s001-AI01-Arr       2022-11-18 12:16:54.589585 -3  
IOC_TEST:m0s001-AI01-Arr       2022-11-18 12:16:54.590610 -2  
IOC_TEST:m0s001-AI01-Arr       2022-11-18 12:16:54.591585 0  
IOC_TEST:m0s001-AI01-Arr       2022-11-18 12:16:54.592612 -3  
IOC_TEST:m0s001-AI01-Arr       2022-11-18 12:16:54.593557 0  
IOC_TEST:m0s001-AI01-Arr       2022-11-18 12:16:54.594620 0  
IOC_TEST:m0s001-AI01-Arr       2022-11-18 12:16:54.595618 -4  
IOC_TEST:m0s001-AI01-Arr       2022-11-18 12:16:54.596574 -3  
IOC_TEST:m0s001-AI01-Arr       2022-11-18 12:16:54.597559 -2  
IOC_TEST:m0s001-AI01-Arr       2022-11-18 12:16:54.598596 -3  
IOC_TEST:m0s001-AI01-Arr       2022-11-18 12:16:54.599592 -3  
IOC_TEST:m0s001-AI01-Arr       2022-11-18 12:16:54.600557 -3  
IOC_TEST:m0s001-AI01-Arr       2022-11-18 12:16:54.601617 -4  
IOC_TEST:m0s001-AI01-Arr       2022-11-18 12:16:54.602648 0  
IOC_TEST:m0s001-AI01-Arr       2022-11-18 12:16:54.603605 0  
IOC_TEST:m0s001-AI01-Arr       2022-11-18 12:16:54.604605 0  
IOC_TEST:m0s001-AI01-Arr       2022-11-18 12:16:54.605589 -2  
IOC_TEST:m0s001-AI01-Arr       2022-11-18 12:16:54.606626 -3  
IOC_TEST:m0s001-AI01-Arr       2022-11-18 12:16:54.607601 -2  
IOC_TEST:m0s001-AI01-Arr       2022-11-18 12:16:54.608591 -3  
IOC_TEST:m0s001-AI01-Arr       2022-11-18 12:16:54.609572 -2  
IOC_TEST:m0s001-AI01-Arr       2022-11-18 12:16:54.610568 0  
IOC_TEST:m0s001-AI01-Arr       2022-11-18 12:16:54.611565 0  
IOC_TEST:m0s001-AI01-Arr       2022-11-18 12:16:54.612542 -4  
IOC_TEST:m0s001-AI01-Arr       2022-11-18 12:16:54.613565 0  
IOC_TEST:m0s001-AI01-Arr       2022-11-18 12:16:54.614566 -2  
IOC_TEST:m0s001-AI01-Arr       2022-11-18 12:16:54.615543 -3  
IOC_TEST:m0s001-AI01-Arr       2022-11-18 12:16:54.616569 2  
IOC_TEST:m0s001-AI01-Arr       2022-11-18 12:16:54.617640 1  
IOC_TEST:m0s001-AI01-Arr       2022-11-18 12:16:54.618581 -2  
IOC_TEST:m0s001-AI01-Arr       2022-11-18 12:16:54.619575 -3  
IOC_TEST:m0s001-AI01-Arr       2022-11-18 12:16:54.620574 -2  
IOC_TEST:m0s001-AI01-Arr       2022-11-18 12:16:54.621796 0  
IOC_TEST:m0s001-AI01-Arr       2022-11-18 12:16:54.622559 1  
IOC_TEST:m0s001-AI01-Arr       2022-11-18 12:16:54.623594 1  
IOC_TEST:m0s001-AI01-Arr       2022-11-18 12:16:54.624600 -6  
IOC_TEST:m0s001-AI01-Arr       2022-11-18 12:16:54.625561 -3  
IOC_TEST:m0s001-AI01-Arr       2022-11-18 12:16:54.626561 0  
IOC_TEST:m0s001-AI01-Arr       2022-11-18 12:16:54.627559 -3  
IOC_TEST:m0s001-AI01-Arr       2022-11-18 12:16:54.628599 0  
IOC_TEST:m0s001-AI01-Arr       2022-11-18 12:16:54.629603 0  
IOC_TEST:m0s001-AI01-Arr       2022-11-18 12:16:54.630601 -3  
IOC_TEST:m0s001-AI01-Arr       2022-11-18 12:16:54.631611 0  
IOC_TEST:m0s001-AI01-Arr       2022-11-18 12:16:54.632549 0  
IOC_TEST:m0s001-AI01-Arr       2022-11-18 12:16:54.633559 -3  
IOC_TEST:m0s001-AI01-Arr       2022-11-18 12:16:54.634545 -2  
IOC_TEST:m0s001-AI01-Arr       2022-11-18 12:16:54.635558 -2  
IOC_TEST:m0s001-AI01-Arr       2022-11-18 12:16:54.636545 -2  
IOC_TEST:m0s001-AI01-Arr       2022-11-18 12:16:54.637554 -2  
IOC_TEST:m0s001-AI01-Arr       2022-11-18 12:16:54.638544 0  
IOC_TEST:m0s001-AI01-Arr       2022-11-18 12:16:54.639579 1  
IOC_TEST:m0s001-AI01-Arr       2022-11-18 12:16:54.640610 -2  
IOC_TEST:m0s001-AI01-Arr       2022-11-18 12:16:54.641615 -2  
IOC_TEST:m0s001-AI01-Arr       2022-11-18 12:16:54.642595 -2  
IOC_TEST:m0s001-AI01-Arr       2022-11-18 12:16:54.643596 -2  
IOC_TEST:m0s001-AI01-Arr       2022-11-18 12:16:54.644594 -4  
IOC_TEST:m0s001-AI01-Arr       2022-11-18 12:16:54.645594 0  
IOC_TEST:m0s001-AI01-Arr       2022-11-18 12:16:54.646591 1  
IOC_TEST:m0s001-AI01-Arr       2022-11-18 12:16:54.647603 -4  
IOC_TEST:m0s001-AI01-Arr       2022-11-18 12:16:54.648593 -6  
IOC_TEST:m0s001-AI01-Arr       2022-11-18 12:16:54.649594 0  
IOC_TEST:m0s001-AI01-Arr       2022-11-18 12:16:54.650592 -3  
IOC_TEST:m0s001-AI01-Arr       2022-11-18 12:16:54.651599 1  
IOC_TEST:m0s001-AI01-Arr       2022-11-18 12:16:54.652594 0  
IOC_TEST:m0s001-AI01-Arr       2022-11-18 12:16:54.653594 -2  
IOC_TEST:m0s001-AI01-Arr       2022-11-18 12:16:54.654593 0  
IOC_TEST:m0s001-AI01-Arr       2022-11-18 12:16:54.655597 0  
IOC_TEST:m0s001-AI01-Arr       2022-11-18 12:16:54.656594 0  
IOC_TEST:m0s001-AI01-Arr       2022-11-18 12:16:54.657599 -3  
IOC_TEST:m0s001-AI01-Arr       2022-11-18 12:16:54.658572 0  
IOC_TEST:m0s001-AI01-Arr       2022-11-18 12:16:54.659599 -3  
IOC_TEST:m0s001-AI01-Arr       2022-11-18 12:16:54.660601 -3  
IOC_TEST:m0s001-AI01-Arr       2022-11-18 12:16:54.661608 0  
IOC_TEST:m0s001-AI01-Arr       2022-11-18 12:16:54.662661 0  
IOC_TEST:m0s001-AI01-Arr       2022-11-18 12:16:54.663619 -2  
IOC_TEST:m0s001-AI01-Arr       2022-11-18 12:16:54.664650 -2  
IOC_TEST:m0s001-AI01-Arr       2022-11-18 12:16:54.665633 2  
IOC_TEST:m0s001-AI01-Arr       2022-11-18 12:16:54.666603 -3  
IOC_TEST:m0s001-AI01-Arr       2022-11-18 12:16:54.667585 -3  
IOC_TEST:m0s001-AI01-Arr       2022-11-18 12:16:54.668579 -4  
IOC_TEST:m0s001-AI01-Arr       2022-11-18 12:16:54.669577 -2  
IOC_TEST:m0s001-AI01-Arr       2022-11-18 12:16:54.670572 -2  
IOC_TEST:m0s001-AI01-Arr       2022-11-18 12:16:54.671581 -3  
IOC_TEST:m0s001-AI01-Arr       2022-11-18 12:16:54.672579 0  
IOC_TEST:m0s001-AI01-Arr       2022-11-18 12:16:54.673592 -3  
IOC_TEST:m0s001-AI01-Arr       2022-11-18 12:16:54.674619 3  
IOC_TEST:m0s001-AI01-Arr       2022-11-18 12:16:54.675603 -4  
IOC_TEST:m0s001-AI01-Arr       2022-11-18 12:16:54.676601 -3  
IOC_TEST:m0s001-AI01-Arr       2022-11-18 12:16:54.677598 -2  
IOC_TEST:m0s001-AI01-Arr       2022-11-18 12:16:54.678601 1  
IOC_TEST:m0s001-AI01-Arr       2022-11-18 12:16:54.679599 -3  
IOC_TEST:m0s001-AI01-Arr       2022-11-18 12:16:54.680599 1  
IOC_TEST:m0s001-AI01-Arr       2022-11-18 12:16:54.681598 0  
IOC_TEST:m0s001-AI01-Arr       2022-11-18 12:16:54.682598 -4  
IOC_TEST:m0s001-AI01-Arr       2022-11-18 12:16:54.683597 -3  
IOC_TEST:m0s001-AI01-Arr       2022-11-18 12:16:54.684601 -2  
IOC_TEST:m0s001-AI01-Arr       2022-11-18 12:16:54.685598 -6  
IOC_TEST:m0s001-AI01-Arr       2022-11-18 12:16:54.686597 -4  
IOC_TEST:m0s001-AI01-Arr       2022-11-18 12:16:54.687598 -2  
IOC_TEST:m0s001-AI01-Arr       2022-11-18 12:16:54.688598 -3  
IOC_TEST:m0s001-AI01-Arr       2022-11-18 12:16:54.689610 1  
IOC_TEST:m0s001-AI01-Arr       2022-11-18 12:16:54.690562 -2  
IOC_TEST:m0s001-AI01-Arr       2022-11-18 12:16:54.691557 0  
IOC_TEST:m0s001-AI01-Arr       2022-11-18 12:16:54.692558 0  
IOC_TEST:m0s001-AI01-Arr       2022-11-18 12:16:54.693550 1  
IOC_TEST:m0s001-AI01-Arr       2022-11-18 12:16:54.694555 -4  
IOC_TEST:m0s001-AI01-Arr       2022-11-18 12:16:54.695556 1  
IOC_TEST:m0s001-AI01-Arr       2022-11-18 12:16:54.696572 1  
IOC_TEST:m0s001-AI01-Arr       2022-11-18 12:16:54.697610 0  
IOC_TEST:m0s001-AI01-Arr       2022-11-18 12:16:54.698602 0  
IOC_TEST:m0s001-AI01-Arr       2022-11-18 12:16:54.699600 3  
IOC_TEST:m0s001-AI01-Arr       2022-11-18 12:16:54.700598 -2  
IOC_TEST:m0s001-AI01-Arr       2022-11-18 12:16:54.701599 0  
IOC_TEST:m0s001-AI01-Arr       2022-11-18 12:16:54.702598 1  
IOC_TEST:m0s001-AI01-Arr       2022-11-18 12:16:54.703599 1  
IOC_TEST:m0s001-AI01-Arr       2022-11-18 12:16:54.704599 -2  
IOC_TEST:m0s001-AI01-Arr       2022-11-18 12:16:54.705635 -2  
IOC_TEST:m0s001-AI01-Arr       2022-11-18 12:16:54.706626 0  
IOC_TEST:m0s001-AI01-Arr       2022-11-18 12:16:54.707602 0  
IOC_TEST:m0s001-AI01-Arr       2022-11-18 12:16:54.708602 -3  
IOC_TEST:m0s001-AI01-Arr       2022-11-18 12:16:54.709597 -3  
IOC_TEST:m0s001-AI01-Arr       2022-11-18 12:16:54.710599 -2  
IOC_TEST:m0s001-AI01-Arr       2022-11-18 12:16:54.711598 -3  
IOC_TEST:m0s001-AI01-Arr       2022-11-18 12:16:54.712599 2  
IOC_TEST:m0s001-AI01-Arr       2022-11-18 12:16:54.713603 0  
IOC_TEST:m0s001-AI01-Arr       2022-11-18 12:16:54.714562 -3  
IOC_TEST:m0s001-AI01-Arr       2022-11-18 12:16:54.715547 1  
IOC_TEST:m0s001-AI01-Arr       2022-11-18 12:16:54.716546 -3  
IOC_TEST:m0s001-AI01-Arr       2022-11-18 12:16:54.717544 -3  
IOC_TEST:m0s001-AI01-Arr       2022-11-18 12:16:54.718543 -2  
IOC_TEST:m0s001-AI01-Arr       2022-11-18 12:16:54.719542 -2  
IOC_TEST:m0s001-AI01-Arr       2022-11-18 12:16:54.720549 -3  
IOC_TEST:m0s001-AI01-Arr       2022-11-18 12:16:54.721540 1  
IOC_TEST:m0s001-AI01-Arr       2022-11-18 12:16:54.722692 0  
IOC_TEST:m0s001-AI01-Arr       2022-11-18 12:16:54.723540 -3  
IOC_TEST:m0s001-AI01-Arr       2022-11-18 12:16:54.724539 -2  
IOC_TEST:m0s001-AI01-Arr       2022-11-18 12:16:54.725540 -3  
IOC_TEST:m0s001-AI01-Arr       2022-11-18 12:16:54.726541 0  
IOC_TEST:m0s001-AI01-Arr       2022-11-18 12:16:54.727538 -2  
IOC_TEST:m0s001-AI01-Arr       2022-11-18 12:16:54.728602 -3  
IOC_TEST:m0s001-AI01-Arr       2022-11-18 12:16:54.729600 -3  
IOC_TEST:m0s001-AI01-Arr       2022-11-18 12:16:54.730603 0  
IOC_TEST:m0s001-AI01-Arr       2022-11-18 12:16:54.731580 -2  
IOC_TEST:m0s001-AI01-Arr       2022-11-18 12:16:54.732555 -2  
IOC_TEST:m0s001-AI01-Arr       2022-11-18 12:16:54.733548 0  
IOC_TEST:m0s001-AI01-Arr       2022-11-18 12:16:54.734556 -2  
IOC_TEST:m0s001-AI01-Arr       2022-11-18 12:16:54.735558 -3  
IOC_TEST:m0s001-AI01-Arr       2022-11-18 12:16:54.736606 0  
IOC_TEST:m0s001-AI01-Arr       2022-11-18 12:16:54.737559 -4  
IOC_TEST:m0s001-AI01-Arr       2022-11-18 12:16:54.738567 -2  
IOC_TEST:m0s001-AI01-Arr       2022-11-18 12:16:54.739569 0  
IOC_TEST:m0s001-AI01-Arr       2022-11-18 12:16:54.740591 0  
IOC_TEST:m0s001-AI01-Arr       2022-11-18 12:16:54.741556 0  
IOC_TEST:m0s001-AI01-Arr       2022-11-18 12:16:54.742597 0  
IOC_TEST:m0s001-AI01-Arr       2022-11-18 12:16:54.743592 -4  
IOC_TEST:m0s001-AI01-Arr       2022-11-18 12:16:54.744568 -3  
IOC_TEST:m0s001-AI01-Arr       2022-11-18 12:16:54.745589 -2  
IOC_TEST:m0s001-AI01-Arr       2022-11-18 12:16:54.746601 -3  
IOC_TEST:m0s001-AI01-Arr       2022-11-18 12:16:54.747599 0  
IOC_TEST:m0s001-AI01-Arr       2022-11-18 12:16:54.748597 0  
IOC_TEST:m0s001-AI01-Arr       2022-11-18 12:16:54.749599 -3  
IOC_TEST:m0s001-AI01-Arr       2022-11-18 12:16:54.750596 -3  
IOC_TEST:m0s001-AI01-Arr       2022-11-18 12:16:54.751595 0  
IOC_TEST:m0s001-AI01-Arr       2022-11-18 12:16:54.752595 -2  
IOC_TEST:m0s001-AI01-Arr       2022-11-18 12:16:54.753595 0  
IOC_TEST:m0s001-AI01-Arr       2022-11-18 12:16:54.754595 0  
IOC_TEST:m0s001-AI01-Arr       2022-11-18 12:16:54.755595 -2  
IOC_TEST:m0s001-AI01-Arr       2022-11-18 12:16:54.756619 0  
IOC_TEST:m0s001-AI01-Arr       2022-11-18 12:16:54.757613 -3  
IOC_TEST:m0s001-AI01-Arr       2022-11-18 12:16:54.758617 -3  
IOC_TEST:m0s001-AI01-Arr       2022-11-18 12:16:54.759599 2  
IOC_TEST:m0s001-AI01-Arr       2022-11-18 12:16:54.760601 0  
IOC_TEST:m0s001-AI01-Arr       2022-11-18 12:16:54.761594 -3  
IOC_TEST:m0s001-AI01-Arr       2022-11-18 12:16:54.762648 0  
IOC_TEST:m0s001-AI01-Arr       2022-11-18 12:16:54.763557 0  
IOC_TEST:m0s001-AI01-Arr       2022-11-18 12:16:54.764560 1  
IOC_TEST:m0s001-AI01-Arr       2022-11-18 12:16:54.765555 -2  
IOC_TEST:m0s001-AI01-Arr       2022-11-18 12:16:54.766555 0  
IOC_TEST:m0s001-AI01-Arr       2022-11-18 12:16:54.767553 1  
IOC_TEST:m0s001-AI01-Arr       2022-11-18 12:16:54.768551 -2  
IOC_TEST:m0s001-AI01-Arr       2022-11-18 12:16:54.769602 -2  
IOC_TEST:m0s001-AI01-Arr       2022-11-18 12:16:54.770558 -3  
IOC_TEST:m0s001-AI01-Arr       2022-11-18 12:16:54.771606 1  
IOC_TEST:m0s001-AI01-Arr       2022-11-18 12:16:54.772616 0  
IOC_TEST:m0s001-AI01-Arr       2022-11-18 12:16:54.773616 0  
IOC_TEST:m0s001-AI01-Arr       2022-11-18 12:16:54.774559 2  
IOC_TEST:m0s001-AI01-Arr       2022-11-18 12:16:54.775555 -6  
IOC_TEST:m0s001-AI01-Arr       2022-11-18 12:16:54.776598 -2  
IOC_TEST:m0s001-AI01-Arr       2022-11-18 12:16:54.777596 -2  
IOC_TEST:m0s001-AI01-Arr       2022-11-18 12:16:54.778597 -2  
IOC_TEST:m0s001-AI01-Arr       2022-11-18 12:16:54.779595 -4  
IOC_TEST:m0s001-AI01-Arr       2022-11-18 12:16:54.780592 -3  
IOC_TEST:m0s001-AI01-Arr       2022-11-18 12:16:54.781585 -2  
IOC_TEST:m0s001-AI01-Arr       2022-11-18 12:16:54.782570 1  
IOC_TEST:m0s001-AI01-Arr       2022-11-18 12:16:54.783589 1  
IOC_TEST:m0s001-AI01-Arr       2022-11-18 12:16:54.784572 -4  
IOC_TEST:m0s001-AI01-Arr       2022-11-18 12:16:54.785588 0  
IOC_TEST:m0s001-AI01-Arr       2022-11-18 12:16:54.786603 -2  
IOC_TEST:m0s001-AI01-Arr       2022-11-18 12:16:54.787595 -3  
IOC_TEST:m0s001-AI01-Arr       2022-11-18 12:16:54.788572 0  
IOC_TEST:m0s001-AI01-Arr       2022-11-18 12:16:54.789598 0  
IOC_TEST:m0s001-AI01-Arr       2022-11-18 12:16:54.790601 -2  
IOC_TEST:m0s001-AI01-Arr       2022-11-18 12:16:54.791601 -3  
IOC_TEST:m0s001-AI01-Arr       2022-11-18 12:16:54.792563 1  
IOC_TEST:m0s001-AI01-Arr       2022-11-18 12:16:54.793604 -2  
IOC_TEST:m0s001-AI01-Arr       2022-11-18 12:16:54.794602 -4  
IOC_TEST:m0s001-AI01-Arr       2022-11-18 12:16:54.795613 -3  
IOC_TEST:m0s001-AI01-Arr       2022-11-18 12:16:54.796608 0  
IOC_TEST:m0s001-AI01-Arr       2022-11-18 12:16:54.797602 0  
IOC_TEST:m0s001-AI01-Arr       2022-11-18 12:16:54.798600 -3  
IOC_TEST:m0s001-AI01-Arr       2022-11-18 12:16:54.799598 0  
IOC_TEST:m0s001-AI01-Arr       2022-11-18 12:16:54.800602 0  
IOC_TEST:m0s001-AI01-Arr       2022-11-18 12:16:54.801603 -2  
IOC_TEST:m0s001-AI01-Arr       2022-11-18 12:16:54.802562 -2  
IOC_TEST:m0s001-AI01-Arr       2022-11-18 12:16:54.803566 -2  
IOC_TEST:m0s001-AI01-Arr       2022-11-18 12:16:54.804602 -3  
IOC_TEST:m0s001-AI01-Arr       2022-11-18 12:16:54.805637 -2  
IOC_TEST:m0s001-AI01-Arr       2022-11-18 12:16:54.806618 0  
IOC_TEST:m0s001-AI01-Arr       2022-11-18 12:16:54.807640 -3  
IOC_TEST:m0s001-AI01-Arr       2022-11-18 12:16:54.808611 -3  
IOC_TEST:m0s001-AI01-Arr       2022-11-18 12:16:54.809672 0  
IOC_TEST:m0s001-AI01-Arr       2022-11-18 12:16:54.810607 -4  
IOC_TEST:m0s001-AI01-Arr       2022-11-18 12:16:54.811599 -3  
IOC_TEST:m0s001-AI01-Arr       2022-11-18 12:16:54.812596 1  
IOC_TEST:m0s001-AI01-Arr       2022-11-18 12:16:54.813621 -4  
IOC_TEST:m0s001-AI01-Arr       2022-11-18 12:16:54.814592 0  
IOC_TEST:m0s001-AI01-Arr       2022-11-18 12:16:54.815558 -2  
IOC_TEST:m0s001-AI01-Arr       2022-11-18 12:16:54.816558 1  
IOC_TEST:m0s001-AI01-Arr       2022-11-18 12:16:54.817558 -3  
IOC_TEST:m0s001-AI01-Arr       2022-11-18 12:16:54.818556 -3  
IOC_TEST:m0s001-AI01-Arr       2022-11-18 12:16:54.819557 0  
IOC_TEST:m0s001-AI01-Arr       2022-11-18 12:16:54.820557 0  
IOC_TEST:m0s001-AI01-Arr       2022-11-18 12:16:54.821557 -4  
IOC_TEST:m0s001-AI01-Arr       2022-11-18 12:16:54.822556 -2  
IOC_TEST:m0s001-AI01-Arr       2022-11-18 12:16:54.823702 -3  
IOC_TEST:m0s001-AI01-Arr       2022-11-18 12:16:54.824548 -3  
IOC_TEST:m0s001-AI01-Arr       2022-11-18 12:16:54.825569 0  
IOC_TEST:m0s001-AI01-Arr       2022-11-18 12:16:54.826576 2  
IOC_TEST:m0s001-AI01-Arr       2022-11-18 12:16:54.827594 -4  
IOC_TEST:m0s001-AI01-Arr       2022-11-18 12:16:54.828597 -3  
IOC_TEST:m0s001-AI01-Arr       2022-11-18 12:16:54.829600 -2  
IOC_TEST:m0s001-AI01-Arr       2022-11-18 12:16:54.830590 -3  
IOC_TEST:m0s001-AI01-Arr       2022-11-18 12:16:54.831571 -3  
IOC_TEST:m0s001-AI01-Arr       2022-11-18 12:16:54.832597 0  
IOC_TEST:m0s001-AI01-Arr       2022-11-18 12:16:54.833597 -3  
IOC_TEST:m0s001-AI01-Arr       2022-11-18 12:16:54.834596 0  
IOC_TEST:m0s001-AI01-Arr       2022-11-18 12:16:54.835596 0  
IOC_TEST:m0s001-AI01-Arr       2022-11-18 12:16:54.836600 -4  
IOC_TEST:m0s001-AI01-Arr       2022-11-18 12:16:54.837613 -2  
IOC_TEST:m0s001-AI01-Arr       2022-11-18 12:16:54.838628 0  
IOC_TEST:m0s001-AI01-Arr       2022-11-18 12:16:54.839598 0  
IOC_TEST:m0s001-AI01-Arr       2022-11-18 12:16:54.840597 1  
IOC_TEST:m0s001-AI01-Arr       2022-11-18 12:16:54.841598 -4  
IOC_TEST:m0s001-AI01-Arr       2022-11-18 12:16:54.842597 -3  
IOC_TEST:m0s001-AI01-Arr       2022-11-18 12:16:54.843598 -2  
IOC_TEST:m0s001-AI01-Arr       2022-11-18 12:16:54.844595 0  
IOC_TEST:m0s001-AI01-Arr       2022-11-18 12:16:54.845595 1  
IOC_TEST:m0s001-AI01-Arr       2022-11-18 12:16:54.846588 -3  
IOC_TEST:m0s001-AI01-Arr       2022-11-18 12:16:54.847585 1  
IOC_TEST:m0s001-AI01-Arr       2022-11-18 12:16:54.848586 -2  
IOC_TEST:m0s001-AI01-Arr       2022-11-18 12:16:54.849586 0  
IOC_TEST:m0s001-AI01-Arr       2022-11-18 12:16:54.850589 0  
IOC_TEST:m0s001-AI01-Arr       2022-11-18 12:16:54.851590 -2  
IOC_TEST:m0s001-AI01-Arr       2022-11-18 12:16:54.852587 0  
IOC_TEST:m0s001-AI01-Arr       2022-11-18 12:16:54.853544 0  
IOC_TEST:m0s001-AI01-Arr       2022-11-18 12:16:54.854540 0  
IOC_TEST:m0s001-AI01-Arr       2022-11-18 12:16:54.855563 -3  
IOC_TEST:m0s001-AI01-Arr       2022-11-18 12:16:54.856584 -3  
IOC_TEST:m0s001-AI01-Arr       2022-11-18 12:16:54.857584 -3  
IOC_TEST:m0s001-AI01-Arr       2022-11-18 12:16:54.858565 0  
IOC_TEST:m0s001-AI01-Arr       2022-11-18 12:16:54.859589 -4  
IOC_TEST:m0s001-AI01-Arr       2022-11-18 12:16:54.860552 0  
IOC_TEST:m0s001-AI01-Arr       2022-11-18 12:16:54.861571 0  
IOC_TEST:m0s001-AI01-Arr       2022-11-18 12:16:54.862609 0  
IOC_TEST:m0s001-AI01-Arr       2022-11-18 12:16:54.863553 -2  
IOC_TEST:m0s001-AI01-Arr       2022-11-18 12:16:54.864547 -6  
IOC_TEST:m0s001-AI01-Arr       2022-11-18 12:16:54.865544 -4  
IOC_TEST:m0s001-AI01-Arr       2022-11-18 12:16:54.866545 0  
IOC_TEST:m0s001-AI01-Arr       2022-11-18 12:16:54.867543 1  
IOC_TEST:m0s001-AI01-Arr       2022-11-18 12:16:54.868543 -6  
IOC_TEST:m0s001-AI01-Arr       2022-11-18 12:16:54.869552 -4  
IOC_TEST:m0s001-AI01-Arr       2022-11-18 12:16:54.870587 0  
IOC_TEST:m0s001-AI01-Arr       2022-11-18 12:16:54.871588 0  
IOC_TEST:m0s001-AI01-Arr       2022-11-18 12:16:54.872544 1  
IOC_TEST:m0s001-AI01-Arr       2022-11-18 12:16:54.873546 2  
IOC_TEST:m0s001-AI01-Arr       2022-11-18 12:16:54.874544 -2  
IOC_TEST:m0s001-AI01-Arr       2022-11-18 12:16:54.875544 -4  
IOC_TEST:m0s001-AI01-Arr       2022-11-18 12:16:54.876545 -3  
IOC_TEST:m0s001-AI01-Arr       2022-11-18 12:16:54.877545 0  
IOC_TEST:m0s001-AI01-Arr       2022-11-18 12:16:54.878545 -3  
IOC_TEST:m0s001-AI01-Arr       2022-11-18 12:16:54.879593 -6  
IOC_TEST:m0s001-AI01-Arr       2022-11-18 12:16:54.880552 -2  
IOC_TEST:m0s001-AI01-Arr       2022-11-18 12:16:54.881549 0  
IOC_TEST:m0s001-AI01-Arr       2022-11-18 12:16:54.882547 0  
IOC_TEST:m0s001-AI01-Arr       2022-11-18 12:16:54.883550 -2  
IOC_TEST:m0s001-AI01-Arr       2022-11-18 12:16:54.884548 0  
IOC_TEST:m0s001-AI01-Arr       2022-11-18 12:16:54.885547 0  
IOC_TEST:m0s001-AI01-Arr       2022-11-18 12:16:54.886552 0  
IOC_TEST:m0s001-AI01-Arr       2022-11-18 12:16:54.887548 0  
IOC_TEST:m0s001-AI01-Arr       2022-11-18 12:16:54.888550 -3  
IOC_TEST:m0s001-AI01-Arr       2022-11-18 12:16:54.889550 0  
IOC_TEST:m0s001-AI01-Arr       2022-11-18 12:16:54.890551 -3  
IOC_TEST:m0s001-AI01-Arr       2022-11-18 12:16:54.891589 -3  
IOC_TEST:m0s001-AI01-Arr       2022-11-18 12:16:54.892590 0  
IOC_TEST:m0s001-AI01-Arr       2022-11-18 12:16:54.893591 -2  
IOC_TEST:m0s001-AI01-Arr       2022-11-18 12:16:54.894598 -4  
IOC_TEST:m0s001-AI01-Arr       2022-11-18 12:16:54.895589 -6  
IOC_TEST:m0s001-AI01-Arr       2022-11-18 12:16:54.896587 -3  
IOC_TEST:m0s001-AI01-Arr       2022-11-18 12:16:54.897584 -4  
IOC_TEST:m0s001-AI01-Arr       2022-11-18 12:16:54.898586 -3  
IOC_TEST:m0s001-AI01-Arr       2022-11-18 12:16:54.899609 0  
IOC_TEST:m0s001-AI01-Arr       2022-11-18 12:16:54.900593 -4  
IOC_TEST:m0s001-AI01-Arr       2022-11-18 12:16:54.901590 -6  
IOC_TEST:m0s001-AI01-Arr       2022-11-18 12:16:54.902709 -3  
IOC_TEST:m0s001-AI01-Arr       2022-11-18 12:16:54.903607 -3  
IOC_TEST:m0s001-AI01-Arr       2022-11-18 12:16:54.904623 0  
IOC_TEST:m0s001-AI01-Arr       2022-11-18 12:16:54.905599 -3  
IOC_TEST:m0s001-AI01-Arr       2022-11-18 12:16:54.906591 0  
IOC_TEST:m0s001-AI01-Arr       2022-11-18 12:16:54.907590 0  
IOC_TEST:m0s001-AI01-Arr       2022-11-18 12:16:54.908587 -2  
IOC_TEST:m0s001-AI01-Arr       2022-11-18 12:16:54.909583 0  
IOC_TEST:m0s001-AI01-Arr       2022-11-18 12:16:54.910582 1  
IOC_TEST:m0s001-AI01-Arr       2022-11-18 12:16:54.911583 -4  
IOC_TEST:m0s001-AI01-Arr       2022-11-18 12:16:54.912584 -2  
IOC_TEST:m0s001-AI01-Arr       2022-11-18 12:16:54.913648 -2  
IOC_TEST:m0s001-AI01-Arr       2022-11-18 12:16:54.914591 -3  
IOC_TEST:m0s001-AI01-Arr       2022-11-18 12:16:54.915590 1  
IOC_TEST:m0s001-AI01-Arr       2022-11-18 12:16:54.916591 0  
IOC_TEST:m0s001-AI01-Arr       2022-11-18 12:16:54.917594 -3  
IOC_TEST:m0s001-AI01-Arr       2022-11-18 12:16:54.918591 -2  
IOC_TEST:m0s001-AI01-Arr       2022-11-18 12:16:54.919588 -2  
IOC_TEST:m0s001-AI01-Arr       2022-11-18 12:16:54.920608 -4  
IOC_TEST:m0s001-AI01-Arr       2022-11-18 12:16:54.921610 -3  
IOC_TEST:m0s001-AI01-Arr       2022-11-18 12:16:54.922606 0  
IOC_TEST:m0s001-AI01-Arr       2022-11-18 12:16:54.923586 -3  
IOC_TEST:m0s001-AI01-Arr       2022-11-18 12:16:54.924723 1  
IOC_TEST:m0s001-AI01-Arr       2022-11-18 12:16:54.925553 -2  
IOC_TEST:m0s001-AI01-Arr       2022-11-18 12:16:54.926613 -3  
IOC_TEST:m0s001-AI01-Arr       2022-11-18 12:16:54.927560 0  
IOC_TEST:m0s001-AI01-Arr       2022-11-18 12:16:54.928556 2  
IOC_TEST:m0s001-AI01-Arr       2022-11-18 12:16:54.929716 -2  
IOC_TEST:m0s001-AI01-Arr       2022-11-18 12:16:54.930619 0  
IOC_TEST:m0s001-AI01-Arr       2022-11-18 12:16:54.931604 -4  
IOC_TEST:m0s001-AI01-Arr       2022-11-18 12:16:54.932597 -4  
IOC_TEST:m0s001-AI01-Arr       2022-11-18 12:16:54.933602 0  
IOC_TEST:m0s001-AI01-Arr       2022-11-18 12:16:54.934607 2  
IOC_TEST:m0s001-AI01-Arr       2022-11-18 12:16:54.935621 -2  
IOC_TEST:m0s001-AI01-Arr       2022-11-18 12:16:54.936582 -3  
IOC_TEST:m0s001-AI01-Arr       2022-11-18 12:16:54.937550 -3  
IOC_TEST:m0s001-AI01-Arr       2022-11-18 12:16:54.938557 2  
IOC_TEST:m0s001-AI01-Arr       2022-11-18 12:16:54.939555 -2  
IOC_TEST:m0s001-AI01-Arr       2022-11-18 12:16:54.940545 -2  
IOC_TEST:m0s001-AI01-Arr       2022-11-18 12:16:54.941553 -2  
IOC_TEST:m0s001-AI01-Arr       2022-11-18 12:16:54.942554 1  
IOC_TEST:m0s001-AI01-Arr       2022-11-18 12:16:54.943555 -2  
IOC_TEST:m0s001-AI01-Arr       2022-11-18 12:16:54.944554 -6  
IOC_TEST:m0s001-AI01-Arr       2022-11-18 12:16:54.945556 0  
IOC_TEST:m0s001-AI01-Arr       2022-11-18 12:16:54.946548 -2  
IOC_TEST:m0s001-AI01-Arr       2022-11-18 12:16:54.947644 0  
IOC_TEST:m0s001-AI01-Arr       2022-11-18 12:16:54.948603 -3  
IOC_TEST:m0s001-AI01-Arr       2022-11-18 12:16:54.949585 -2  
IOC_TEST:m0s001-AI01-Arr       2022-11-18 12:16:54.950587 -2  
IOC_TEST:m0s001-AI01-Arr       2022-11-18 12:16:54.951590 -2  
IOC_TEST:m0s001-AI01-Arr       2022-11-18 12:16:54.952606 -3  
IOC_TEST:m0s001-AI01-Arr       2022-11-18 12:16:54.953634 0  
IOC_TEST:m0s001-AI01-Arr       2022-11-18 12:16:54.954708 0  
IOC_TEST:m0s001-AI01-Arr       2022-11-18 12:16:54.955621 -3  
IOC_TEST:m0s001-AI01-Arr       2022-11-18 12:16:54.956566 -2  
IOC_TEST:m0s001-AI01-Arr       2022-11-18 12:16:54.957648 -2  
IOC_TEST:m0s001-AI01-Arr       2022-11-18 12:16:54.958656 -3  
IOC_TEST:m0s001-AI01-Arr       2022-11-18 12:16:54.959571 -2  
IOC_TEST:m0s001-AI01-Arr       2022-11-18 12:16:54.960648 -3  
IOC_TEST:m0s001-AI01-Arr       2022-11-18 12:16:54.961567 -3  
IOC_TEST:m0s001-AI01-Arr       2022-11-18 12:16:54.962678 0  
IOC_TEST:m0s001-AI01-Arr       2022-11-18 12:16:54.963657 0  
IOC_TEST:m0s001-AI01-Arr       2022-11-18 12:16:54.964603 -2  
IOC_TEST:m0s001-AI01-Arr       2022-11-18 12:16:54.965593 -2  
IOC_TEST:m0s001-AI01-Arr       2022-11-18 12:16:54.966595 -3  
IOC_TEST:m0s001-AI01-Arr       2022-11-18 12:16:54.967575 -3  
IOC_TEST:m0s001-AI01-Arr       2022-11-18 12:16:54.968605 -2  
IOC_TEST:m0s001-AI01-Arr       2022-11-18 12:16:54.969569 -4  
IOC_TEST:m0s001-AI01-Arr       2022-11-18 12:16:54.970608 -2  
IOC_TEST:m0s001-AI01-Arr       2022-11-18 12:16:54.971557 0  
IOC_TEST:m0s001-AI01-Arr       2022-11-18 12:16:54.972543 -2  
IOC_TEST:m0s001-AI01-Arr       2022-11-18 12:16:54.973601 -2  
IOC_TEST:m0s001-AI01-Arr       2022-11-18 12:16:54.974559 0  
IOC_TEST:m0s001-AI01-Arr       2022-11-18 12:16:54.975549 2  
IOC_TEST:m0s001-AI01-Arr       2022-11-18 12:16:54.976597 0  
IOC_TEST:m0s001-AI01-Arr       2022-11-18 12:16:54.977558 -2  
IOC_TEST:m0s001-AI01-Arr       2022-11-18 12:16:54.978559 -2  
IOC_TEST:m0s001-AI01-Arr       2022-11-18 12:16:54.979557 -2  
IOC_TEST:m0s001-AI01-Arr       2022-11-18 12:16:54.980597 1  
IOC_TEST:m0s001-AI01-Arr       2022-11-18 12:16:54.981559 2  
IOC_TEST:m0s001-AI01-Arr       2022-11-18 12:16:54.982558 0  
IOC_TEST:m0s001-AI01-Arr       2022-11-18 12:16:54.983557 -2  
IOC_TEST:m0s001-AI01-Arr       2022-11-18 12:16:54.984557 -2  
IOC_TEST:m0s001-AI01-Arr       2022-11-18 12:16:54.985557 1  
IOC_TEST:m0s001-AI01-Arr       2022-11-18 12:16:54.986597 1  
IOC_TEST:m0s001-AI01-Arr       2022-11-18 12:16:54.987566 -2  
IOC_TEST:m0s001-AI01-Arr       2022-11-18 12:16:54.988589 -2  
IOC_TEST:m0s001-AI01-Arr       2022-11-18 12:16:54.989559 -4  
IOC_TEST:m0s001-AI01-Arr       2022-11-18 12:16:54.990569 -7  
IOC_TEST:m0s001-AI01-Arr       2022-11-18 12:16:54.991560 -2  
IOC_TEST:m0s001-AI01-Arr       2022-11-18 12:16:54.992557 -3  
IOC_TEST:m0s001-AI01-Arr       2022-11-18 12:16:54.993558 -2  
IOC_TEST:m0s001-AI01-Arr       2022-11-18 12:16:54.994554 -2  
IOC_TEST:m0s001-AI01-Arr       2022-11-18 12:16:54.995550 -2  
IOC_TEST:m0s001-AI01-Arr       2022-11-18 12:16:54.996551 -3  
IOC_TEST:m0s001-AI01-Arr       2022-11-18 12:16:54.997596 -4  
IOC_TEST:m0s001-AI01-Arr       2022-11-18 12:16:54.998599 -3  
IOC_TEST:m0s001-AI01-Arr       2022-11-18 12:16:54.999560 -3  
IOC_TEST:m0s001-AI01-Arr       2022-11-18 12:16:55.000557 -2  
IOC_TEST:m0s001-AI01-Arr       2022-11-18 12:16:55.001617 -2  
IOC_TEST:m0s001-AI01-Arr       2022-11-18 12:16:55.002623 -4  
IOC_TEST:m0s001-AI01-Arr       2022-11-18 12:16:55.003600 -3  
IOC_TEST:m0s001-AI01-Arr       2022-11-18 12:16:55.004597 0  
IOC_TEST:m0s001-AI01-Arr       2022-11-18 12:16:55.005590 -3  
IOC_TEST:m0s001-AI01-Arr       2022-11-18 12:16:55.006552 -3  
IOC_TEST:m0s001-AI01-Arr       2022-11-18 12:16:55.007547 1  
IOC_TEST:m0s001-AI01-Arr       2022-11-18 12:16:55.008594 -2  
IOC_TEST:m0s001-AI01-Arr       2022-11-18 12:16:55.009547 -2  
IOC_TEST:m0s001-AI01-Arr       2022-11-18 12:16:55.010546 -4  
IOC_TEST:m0s001-AI01-Arr       2022-11-18 12:16:55.011558 0  
IOC_TEST:m0s001-AI01-Arr       2022-11-18 12:16:55.012557 0  
IOC_TEST:m0s001-AI01-Arr       2022-11-18 12:16:55.013595 2  
IOC_TEST:m0s001-AI01-Arr       2022-11-18 12:16:55.014550 2  
IOC_TEST:m0s001-AI01-Arr       2022-11-18 12:16:55.015558 -2  
IOC_TEST:m0s001-AI01-Arr       2022-11-18 12:16:55.016595 -2  
IOC_TEST:m0s001-AI01-Arr       2022-11-18 12:16:55.017559 -3  
IOC_TEST:m0s001-AI01-Arr       2022-11-18 12:16:55.018546 -2  
IOC_TEST:m0s001-AI01-Arr       2022-11-18 12:16:55.019548 -4  
IOC_TEST:m0s001-AI01-Arr       2022-11-18 12:16:55.020555 -2  
IOC_TEST:m0s001-AI01-Arr       2022-11-18 12:16:55.021544 -2  
IOC_TEST:m0s001-AI01-Arr       2022-11-18 12:16:55.022552 0  
IOC_TEST:m0s001-AI01-Arr       2022-11-18 12:16:55.023554 -3  
IOC_TEST:m0s001-AI01-Arr       2022-11-18 12:16:55.024554 0  
IOC_TEST:m0s001-AI01-Arr       2022-11-18 12:16:55.025756 1  
IOC_TEST:m0s001-AI01-Arr       2022-11-18 12:16:55.026544 1  
IOC_TEST:m0s001-AI01-Arr       2022-11-18 12:16:55.027540 -3  
IOC_TEST:m0s001-AI01-Arr       2022-11-18 12:16:55.028539 -4  
IOC_TEST:m0s001-AI01-Arr       2022-11-18 12:16:55.029555 -2  
IOC_TEST:m0s001-AI01-Arr       2022-11-18 12:16:55.030623 -4  
IOC_TEST:m0s001-AI01-Arr       2022-11-18 12:16:55.031617 -4  
IOC_TEST:m0s001-AI01-Arr       2022-11-18 12:16:55.032616 0  
IOC_TEST:m0s001-AI01-Arr       2022-11-18 12:16:55.033617 -2  
IOC_TEST:m0s001-AI01-Arr       2022-11-18 12:16:55.034652 -3  
IOC_TEST:m0s001-AI01-Arr       2022-11-18 12:16:55.035662 -3  
IOC_TEST:m0s001-AI01-Arr       2022-11-18 12:16:55.036621 0  
IOC_TEST:m0s001-AI01-Arr       2022-11-18 12:16:55.037616 -2  
IOC_TEST:m0s001-AI01-Arr       2022-11-18 12:16:55.038616 -3  
IOC_TEST:m0s001-AI01-Arr       2022-11-18 12:16:55.039617 -3  
IOC_TEST:m0s001-AI01-Arr       2022-11-18 12:16:55.040616 0  
IOC_TEST:m0s001-AI01-Arr       2022-11-18 12:16:55.041616 1  
IOC_TEST:m0s001-AI01-Arr       2022-11-18 12:16:55.042616 -3  
IOC_TEST:m0s001-AI01-Arr       2022-11-18 12:16:55.043616 -2  
IOC_TEST:m0s001-AI01-Arr       2022-11-18 12:16:55.044621 -2  
IOC_TEST:m0s001-AI01-Arr       2022-11-18 12:16:55.045608 -6  
IOC_TEST:m0s001-AI01-Arr       2022-11-18 12:16:55.046617 -2  
IOC_TEST:m0s001-AI01-Arr       2022-11-18 12:16:55.047603 -4  
IOC_TEST:m0s001-AI01-Arr       2022-11-18 12:16:55.048602 -4  
