IOC_TEST:m0s001-AI01-Arr       2022-11-18 12:18:50.848536 -3  
IOC_TEST:m0s001-AI01-Arr       2022-11-18 12:18:50.849518 -6  
IOC_TEST:m0s001-AI01-Arr       2022-11-18 12:18:50.850527 -4  
IOC_TEST:m0s001-AI01-Arr       2022-11-18 12:18:50.851525 -4  
IOC_TEST:m0s001-AI01-Arr       2022-11-18 12:18:50.852520 -2  
IOC_TEST:m0s001-AI01-Arr       2022-11-18 12:18:50.853531 -3  
IOC_TEST:m0s001-AI01-Arr       2022-11-18 12:18:50.854527 -2  
IOC_TEST:m0s001-AI01-Arr       2022-11-18 12:18:50.855538 -3  
IOC_TEST:m0s001-AI01-Arr       2022-11-18 12:18:50.856522 -3  
IOC_TEST:m0s001-AI01-Arr       2022-11-18 12:18:50.857515 -4  
IOC_TEST:m0s001-AI01-Arr       2022-11-18 12:18:50.858517 -2  
IOC_TEST:m0s001-AI01-Arr       2022-11-18 12:18:50.859595 -4  
IOC_TEST:m0s001-AI01-Arr       2022-11-18 12:18:50.860526 -4  
IOC_TEST:m0s001-AI01-Arr       2022-11-18 12:18:50.861508 -3  
IOC_TEST:m0s001-AI01-Arr       2022-11-18 12:18:50.862547 -4  
IOC_TEST:m0s001-AI01-Arr       2022-11-18 12:18:50.863528 -6  
IOC_TEST:m0s001-AI01-Arr       2022-11-18 12:18:50.864533 -2  
IOC_TEST:m0s001-AI01-Arr       2022-11-18 12:18:50.865510 -3  
IOC_TEST:m0s001-AI01-Arr       2022-11-18 12:18:50.866505 -6  
IOC_TEST:m0s001-AI01-Arr       2022-11-18 12:18:50.867504 -3  
IOC_TEST:m0s001-AI01-Arr       2022-11-18 12:18:50.868505 -2  
IOC_TEST:m0s001-AI01-Arr       2022-11-18 12:18:50.869504 -8  
IOC_TEST:m0s001-AI01-Arr       2022-11-18 12:18:50.870504 0  
IOC_TEST:m0s001-AI01-Arr       2022-11-18 12:18:50.871502 -2  
IOC_TEST:m0s001-AI01-Arr       2022-11-18 12:18:50.872547 -7  
IOC_TEST:m0s001-AI01-Arr       2022-11-18 12:18:50.873490 -4  
IOC_TEST:m0s001-AI01-Arr       2022-11-18 12:18:50.874492 0  
IOC_TEST:m0s001-AI01-Arr       2022-11-18 12:18:50.875488 -4  
IOC_TEST:m0s001-AI01-Arr       2022-11-18 12:18:50.876503 -6  
IOC_TEST:m0s001-AI01-Arr       2022-11-18 12:18:50.877490 -3  
IOC_TEST:m0s001-AI01-Arr       2022-11-18 12:18:50.878493 -7  
IOC_TEST:m0s001-AI01-Arr       2022-11-18 12:18:50.879490 -4  
IOC_TEST:m0s001-AI01-Arr       2022-11-18 12:18:50.880493 -6  
IOC_TEST:m0s001-AI01-Arr       2022-11-18 12:18:50.881503 -4  
IOC_TEST:m0s001-AI01-Arr       2022-11-18 12:18:50.882493 -3  
IOC_TEST:m0s001-AI01-Arr       2022-11-18 12:18:50.883506 -2  
IOC_TEST:m0s001-AI01-Arr       2022-11-18 12:18:50.884504 -3  
IOC_TEST:m0s001-AI01-Arr       2022-11-18 12:18:50.885496 -6  
IOC_TEST:m0s001-AI01-Arr       2022-11-18 12:18:50.886500 -3  
IOC_TEST:m0s001-AI01-Arr       2022-11-18 12:18:50.887495 -4  
IOC_TEST:m0s001-AI01-Arr       2022-11-18 12:18:50.888490 -2  
IOC_TEST:m0s001-AI01-Arr       2022-11-18 12:18:50.889490 -6  
IOC_TEST:m0s001-AI01-Arr       2022-11-18 12:18:50.890489 -3  
IOC_TEST:m0s001-AI01-Arr       2022-11-18 12:18:50.891488 -2  
IOC_TEST:m0s001-AI01-Arr       2022-11-18 12:18:50.892488 -3  
IOC_TEST:m0s001-AI01-Arr       2022-11-18 12:18:50.893494 -3  
IOC_TEST:m0s001-AI01-Arr       2022-11-18 12:18:50.894516 -6  
IOC_TEST:m0s001-AI01-Arr       2022-11-18 12:18:50.895554 -6  
IOC_TEST:m0s001-AI01-Arr       2022-11-18 12:18:50.896496 -3  
IOC_TEST:m0s001-AI01-Arr       2022-11-18 12:18:50.897492 -6  
IOC_TEST:m0s001-AI01-Arr       2022-11-18 12:18:50.898489 -2  
IOC_TEST:m0s001-AI01-Arr       2022-11-18 12:18:50.899491 -6  
IOC_TEST:m0s001-AI01-Arr       2022-11-18 12:18:50.900490 -3  
IOC_TEST:m0s001-AI01-Arr       2022-11-18 12:18:50.901489 -4  
IOC_TEST:m0s001-AI01-Arr       2022-11-18 12:18:50.902491 -3  
IOC_TEST:m0s001-AI01-Arr       2022-11-18 12:18:50.903507 0  
IOC_TEST:m0s001-AI01-Arr       2022-11-18 12:18:50.904492 -6  
IOC_TEST:m0s001-AI01-Arr       2022-11-18 12:18:50.905492 -6  
IOC_TEST:m0s001-AI01-Arr       2022-11-18 12:18:50.906493 -6  
IOC_TEST:m0s001-AI01-Arr       2022-11-18 12:18:50.907492 -4  
IOC_TEST:m0s001-AI01-Arr       2022-11-18 12:18:50.908491 -4  
IOC_TEST:m0s001-AI01-Arr       2022-11-18 12:18:50.909491 -3  
IOC_TEST:m0s001-AI01-Arr       2022-11-18 12:18:50.910492 -6  
IOC_TEST:m0s001-AI01-Arr       2022-11-18 12:18:50.911492 -2  
IOC_TEST:m0s001-AI01-Arr       2022-11-18 12:18:50.912491 -2  
IOC_TEST:m0s001-AI01-Arr       2022-11-18 12:18:50.913493 -7  
IOC_TEST:m0s001-AI01-Arr       2022-11-18 12:18:50.914521 -3  
IOC_TEST:m0s001-AI01-Arr       2022-11-18 12:18:50.915496 -2  
IOC_TEST:m0s001-AI01-Arr       2022-11-18 12:18:50.916499 -7  
IOC_TEST:m0s001-AI01-Arr       2022-11-18 12:18:50.917498 -4  
IOC_TEST:m0s001-AI01-Arr       2022-11-18 12:18:50.918492 -3  
IOC_TEST:m0s001-AI01-Arr       2022-11-18 12:18:50.919489 -6  
IOC_TEST:m0s001-AI01-Arr       2022-11-18 12:18:50.920493 -4  
IOC_TEST:m0s001-AI01-Arr       2022-11-18 12:18:50.921492 -4  
IOC_TEST:m0s001-AI01-Arr       2022-11-18 12:18:50.922491 -8  
IOC_TEST:m0s001-AI01-Arr       2022-11-18 12:18:50.923492 0  
IOC_TEST:m0s001-AI01-Arr       2022-11-18 12:18:50.924494 -3  
IOC_TEST:m0s001-AI01-Arr       2022-11-18 12:18:50.925514 -4  
IOC_TEST:m0s001-AI01-Arr       2022-11-18 12:18:50.926533 -4  
IOC_TEST:m0s001-AI01-Arr       2022-11-18 12:18:50.927491 -7  
IOC_TEST:m0s001-AI01-Arr       2022-11-18 12:18:50.928489 -7  
IOC_TEST:m0s001-AI01-Arr       2022-11-18 12:18:50.929494 -3  
IOC_TEST:m0s001-AI01-Arr       2022-11-18 12:18:50.930509 -2  
IOC_TEST:m0s001-AI01-Arr       2022-11-18 12:18:50.931493 -4  
IOC_TEST:m0s001-AI01-Arr       2022-11-18 12:18:50.932491 -4  
IOC_TEST:m0s001-AI01-Arr       2022-11-18 12:18:50.933492 -2  
IOC_TEST:m0s001-AI01-Arr       2022-11-18 12:18:50.934505 -4  
IOC_TEST:m0s001-AI01-Arr       2022-11-18 12:18:50.935493 -2  
IOC_TEST:m0s001-AI01-Arr       2022-11-18 12:18:50.936493 1  
IOC_TEST:m0s001-AI01-Arr       2022-11-18 12:18:50.937493 -7  
IOC_TEST:m0s001-AI01-Arr       2022-11-18 12:18:50.938493 -4  
IOC_TEST:m0s001-AI01-Arr       2022-11-18 12:18:50.939511 -3  
IOC_TEST:m0s001-AI01-Arr       2022-11-18 12:18:50.940504 -2  
IOC_TEST:m0s001-AI01-Arr       2022-11-18 12:18:50.941494 -2  
IOC_TEST:m0s001-AI01-Arr       2022-11-18 12:18:50.942494 -4  
IOC_TEST:m0s001-AI01-Arr       2022-11-18 12:18:50.943494 -2  
IOC_TEST:m0s001-AI01-Arr       2022-11-18 12:18:50.944494 -8  
IOC_TEST:m0s001-AI01-Arr       2022-11-18 12:18:50.945494 -4  
IOC_TEST:m0s001-AI01-Arr       2022-11-18 12:18:50.946511 -4  
IOC_TEST:m0s001-AI01-Arr       2022-11-18 12:18:50.947499 -3  
IOC_TEST:m0s001-AI01-Arr       2022-11-18 12:18:50.948500 -2  
IOC_TEST:m0s001-AI01-Arr       2022-11-18 12:18:50.949494 -3  
IOC_TEST:m0s001-AI01-Arr       2022-11-18 12:18:50.950493 -3  
IOC_TEST:m0s001-AI01-Arr       2022-11-18 12:18:50.951493 -4  
IOC_TEST:m0s001-AI01-Arr       2022-11-18 12:18:50.952493 -6  
IOC_TEST:m0s001-AI01-Arr       2022-11-18 12:18:50.953493 -4  
IOC_TEST:m0s001-AI01-Arr       2022-11-18 12:18:50.954509 -3  
IOC_TEST:m0s001-AI01-Arr       2022-11-18 12:18:50.955507 -3  
IOC_TEST:m0s001-AI01-Arr       2022-11-18 12:18:50.956531 -6  
IOC_TEST:m0s001-AI01-Arr       2022-11-18 12:18:50.957536 -3  
IOC_TEST:m0s001-AI01-Arr       2022-11-18 12:18:50.958495 -3  
IOC_TEST:m0s001-AI01-Arr       2022-11-18 12:18:50.959516 -4  
IOC_TEST:m0s001-AI01-Arr       2022-11-18 12:18:50.960497 -6  
IOC_TEST:m0s001-AI01-Arr       2022-11-18 12:18:50.961492 -2  
IOC_TEST:m0s001-AI01-Arr       2022-11-18 12:18:50.962578 -6  
IOC_TEST:m0s001-AI01-Arr       2022-11-18 12:18:50.963517 -4  
IOC_TEST:m0s001-AI01-Arr       2022-11-18 12:18:50.964511 -7  
IOC_TEST:m0s001-AI01-Arr       2022-11-18 12:18:50.965543 -4  
IOC_TEST:m0s001-AI01-Arr       2022-11-18 12:18:50.966537 -4  
IOC_TEST:m0s001-AI01-Arr       2022-11-18 12:18:50.967537 -4  
IOC_TEST:m0s001-AI01-Arr       2022-11-18 12:18:50.968638 0  
IOC_TEST:m0s001-AI01-Arr       2022-11-18 12:18:50.969557 -7  
IOC_TEST:m0s001-AI01-Arr       2022-11-18 12:18:50.970538 -4  
IOC_TEST:m0s001-AI01-Arr       2022-11-18 12:18:50.971536 -4  
IOC_TEST:m0s001-AI01-Arr       2022-11-18 12:18:50.972535 -6  
IOC_TEST:m0s001-AI01-Arr       2022-11-18 12:18:50.973618 -3  
IOC_TEST:m0s001-AI01-Arr       2022-11-18 12:18:50.974515 -3  
IOC_TEST:m0s001-AI01-Arr       2022-11-18 12:18:50.975510 -7  
IOC_TEST:m0s001-AI01-Arr       2022-11-18 12:18:50.976516 -6  
IOC_TEST:m0s001-AI01-Arr       2022-11-18 12:18:50.977541 -3  
IOC_TEST:m0s001-AI01-Arr       2022-11-18 12:18:50.978539 -3  
IOC_TEST:m0s001-AI01-Arr       2022-11-18 12:18:50.979536 -4  
IOC_TEST:m0s001-AI01-Arr       2022-11-18 12:18:50.980557 -3  
IOC_TEST:m0s001-AI01-Arr       2022-11-18 12:18:50.981538 -2  
IOC_TEST:m0s001-AI01-Arr       2022-11-18 12:18:50.982512 -3  
IOC_TEST:m0s001-AI01-Arr       2022-11-18 12:18:50.983532 -3  
IOC_TEST:m0s001-AI01-Arr       2022-11-18 12:18:50.984517 -6  
IOC_TEST:m0s001-AI01-Arr       2022-11-18 12:18:50.985536 -6  
IOC_TEST:m0s001-AI01-Arr       2022-11-18 12:18:50.986521 -3  
IOC_TEST:m0s001-AI01-Arr       2022-11-18 12:18:50.987538 -3  
IOC_TEST:m0s001-AI01-Arr       2022-11-18 12:18:50.988524 -3  
IOC_TEST:m0s001-AI01-Arr       2022-11-18 12:18:50.989535 -4  
IOC_TEST:m0s001-AI01-Arr       2022-11-18 12:18:50.990541 -3  
IOC_TEST:m0s001-AI01-Arr       2022-11-18 12:18:50.991518 -3  
IOC_TEST:m0s001-AI01-Arr       2022-11-18 12:18:50.992542 -7  
IOC_TEST:m0s001-AI01-Arr       2022-11-18 12:18:50.993517 -3  
IOC_TEST:m0s001-AI01-Arr       2022-11-18 12:18:50.994538 -2  
IOC_TEST:m0s001-AI01-Arr       2022-11-18 12:18:50.995521 -7  
IOC_TEST:m0s001-AI01-Arr       2022-11-18 12:18:50.996538 -3  
IOC_TEST:m0s001-AI01-Arr       2022-11-18 12:18:50.997542 -2  
IOC_TEST:m0s001-AI01-Arr       2022-11-18 12:18:50.998519 -7  
IOC_TEST:m0s001-AI01-Arr       2022-11-18 12:18:50.999540 -10  
IOC_TEST:m0s001-AI01-Arr       2022-11-18 12:18:51.000539 -7  
IOC_TEST:m0s001-AI01-Arr       2022-11-18 12:18:51.001514 -6  
IOC_TEST:m0s001-AI01-Arr       2022-11-18 12:18:51.002508 -2  
IOC_TEST:m0s001-AI01-Arr       2022-11-18 12:18:51.003507 -8  
IOC_TEST:m0s001-AI01-Arr       2022-11-18 12:18:51.004530 -6  
IOC_TEST:m0s001-AI01-Arr       2022-11-18 12:18:51.005543 -3  
IOC_TEST:m0s001-AI01-Arr       2022-11-18 12:18:51.006544 -3  
IOC_TEST:m0s001-AI01-Arr       2022-11-18 12:18:51.007554 -4  
IOC_TEST:m0s001-AI01-Arr       2022-11-18 12:18:51.008525 -6  
IOC_TEST:m0s001-AI01-Arr       2022-11-18 12:18:51.009521 -3  
IOC_TEST:m0s001-AI01-Arr       2022-11-18 12:18:51.010554 -6  
IOC_TEST:m0s001-AI01-Arr       2022-11-18 12:18:51.011551 -6  
IOC_TEST:m0s001-AI01-Arr       2022-11-18 12:18:51.012532 -2  
IOC_TEST:m0s001-AI01-Arr       2022-11-18 12:18:51.013525 -7  
IOC_TEST:m0s001-AI01-Arr       2022-11-18 12:18:51.014533 -6  
IOC_TEST:m0s001-AI01-Arr       2022-11-18 12:18:51.015551 -2  
IOC_TEST:m0s001-AI01-Arr       2022-11-18 12:18:51.016548 -3  
IOC_TEST:m0s001-AI01-Arr       2022-11-18 12:18:51.017548 -3  
IOC_TEST:m0s001-AI01-Arr       2022-11-18 12:18:51.018547 -3  
IOC_TEST:m0s001-AI01-Arr       2022-11-18 12:18:51.019547 -4  
IOC_TEST:m0s001-AI01-Arr       2022-11-18 12:18:51.020550 -3  
IOC_TEST:m0s001-AI01-Arr       2022-11-18 12:18:51.021581 -3  
IOC_TEST:m0s001-AI01-Arr       2022-11-18 12:18:51.022552 -4  
IOC_TEST:m0s001-AI01-Arr       2022-11-18 12:18:51.023533 -4  
IOC_TEST:m0s001-AI01-Arr       2022-11-18 12:18:51.024519 -2  
IOC_TEST:m0s001-AI01-Arr       2022-11-18 12:18:51.025524 -4  
IOC_TEST:m0s001-AI01-Arr       2022-11-18 12:18:51.026526 -3  
IOC_TEST:m0s001-AI01-Arr       2022-11-18 12:18:51.027524 -4  
IOC_TEST:m0s001-AI01-Arr       2022-11-18 12:18:51.028523 -2  
IOC_TEST:m0s001-AI01-Arr       2022-11-18 12:18:51.029526 -3  
IOC_TEST:m0s001-AI01-Arr       2022-11-18 12:18:51.030525 -4  
IOC_TEST:m0s001-AI01-Arr       2022-11-18 12:18:51.031525 -3  
IOC_TEST:m0s001-AI01-Arr       2022-11-18 12:18:51.032518 -3  
IOC_TEST:m0s001-AI01-Arr       2022-11-18 12:18:51.033524 -6  
IOC_TEST:m0s001-AI01-Arr       2022-11-18 12:18:51.034524 -3  
IOC_TEST:m0s001-AI01-Arr       2022-11-18 12:18:51.035524 -2  
IOC_TEST:m0s001-AI01-Arr       2022-11-18 12:18:51.036524 -7  
IOC_TEST:m0s001-AI01-Arr       2022-11-18 12:18:51.037525 -7  
IOC_TEST:m0s001-AI01-Arr       2022-11-18 12:18:51.038557 -3  
IOC_TEST:m0s001-AI01-Arr       2022-11-18 12:18:51.039532 -4  
IOC_TEST:m0s001-AI01-Arr       2022-11-18 12:18:51.040558 -2  
IOC_TEST:m0s001-AI01-Arr       2022-11-18 12:18:51.041553 -6  
IOC_TEST:m0s001-AI01-Arr       2022-11-18 12:18:51.042559 -3  
IOC_TEST:m0s001-AI01-Arr       2022-11-18 12:18:51.043557 -3  
IOC_TEST:m0s001-AI01-Arr       2022-11-18 12:18:51.044561 -3  
IOC_TEST:m0s001-AI01-Arr       2022-11-18 12:18:51.045588 -3  
IOC_TEST:m0s001-AI01-Arr       2022-11-18 12:18:51.046536 0  
IOC_TEST:m0s001-AI01-Arr       2022-11-18 12:18:51.047583 -2  
IOC_TEST:m0s001-AI01-Arr       2022-11-18 12:18:51.048532 -3  
IOC_TEST:m0s001-AI01-Arr       2022-11-18 12:18:51.049533 -3  
IOC_TEST:m0s001-AI01-Arr       2022-11-18 12:18:51.050530 -4  
IOC_TEST:m0s001-AI01-Arr       2022-11-18 12:18:51.051532 -3  
IOC_TEST:m0s001-AI01-Arr       2022-11-18 12:18:51.052583 -3  
IOC_TEST:m0s001-AI01-Arr       2022-11-18 12:18:51.053539 -3  
IOC_TEST:m0s001-AI01-Arr       2022-11-18 12:18:51.054556 0  
IOC_TEST:m0s001-AI01-Arr       2022-11-18 12:18:51.055536 -4  
IOC_TEST:m0s001-AI01-Arr       2022-11-18 12:18:51.056566 -6  
IOC_TEST:m0s001-AI01-Arr       2022-11-18 12:18:51.057533 0  
IOC_TEST:m0s001-AI01-Arr       2022-11-18 12:18:51.058556 -3  
IOC_TEST:m0s001-AI01-Arr       2022-11-18 12:18:51.059534 -6  
IOC_TEST:m0s001-AI01-Arr       2022-11-18 12:18:51.060533 -7  
IOC_TEST:m0s001-AI01-Arr       2022-11-18 12:18:51.061582 -7  
IOC_TEST:m0s001-AI01-Arr       2022-11-18 12:18:51.062578 -3  
IOC_TEST:m0s001-AI01-Arr       2022-11-18 12:18:51.063588 1  
IOC_TEST:m0s001-AI01-Arr       2022-11-18 12:18:51.064532 -2  
IOC_TEST:m0s001-AI01-Arr       2022-11-18 12:18:51.065587 -7  
IOC_TEST:m0s001-AI01-Arr       2022-11-18 12:18:51.066531 -6  
IOC_TEST:m0s001-AI01-Arr       2022-11-18 12:18:51.067530 -2  
IOC_TEST:m0s001-AI01-Arr       2022-11-18 12:18:51.068577 -4  
IOC_TEST:m0s001-AI01-Arr       2022-11-18 12:18:51.069531 -4  
IOC_TEST:m0s001-AI01-Arr       2022-11-18 12:18:51.070529 -3  
IOC_TEST:m0s001-AI01-Arr       2022-11-18 12:18:51.071585 -3  
IOC_TEST:m0s001-AI01-Arr       2022-11-18 12:18:51.072564 -3  
IOC_TEST:m0s001-AI01-Arr       2022-11-18 12:18:51.073549 -3  
IOC_TEST:m0s001-AI01-Arr       2022-11-18 12:18:51.074676 -3  
IOC_TEST:m0s001-AI01-Arr       2022-11-18 12:18:51.075575 1  
IOC_TEST:m0s001-AI01-Arr       2022-11-18 12:18:51.076543 -2  
IOC_TEST:m0s001-AI01-Arr       2022-11-18 12:18:51.077545 -6  
IOC_TEST:m0s001-AI01-Arr       2022-11-18 12:18:51.078528 -4  
IOC_TEST:m0s001-AI01-Arr       2022-11-18 12:18:51.079526 -7  
IOC_TEST:m0s001-AI01-Arr       2022-11-18 12:18:51.080584 -6  
IOC_TEST:m0s001-AI01-Arr       2022-11-18 12:18:51.081535 -6  
IOC_TEST:m0s001-AI01-Arr       2022-11-18 12:18:51.082536 -2  
IOC_TEST:m0s001-AI01-Arr       2022-11-18 12:18:51.083529 -7  
IOC_TEST:m0s001-AI01-Arr       2022-11-18 12:18:51.084530 -4  
IOC_TEST:m0s001-AI01-Arr       2022-11-18 12:18:51.085589 -4  
IOC_TEST:m0s001-AI01-Arr       2022-11-18 12:18:51.086551 -3  
IOC_TEST:m0s001-AI01-Arr       2022-11-18 12:18:51.087564 -4  
IOC_TEST:m0s001-AI01-Arr       2022-11-18 12:18:51.088557 -6  
IOC_TEST:m0s001-AI01-Arr       2022-11-18 12:18:51.089548 -3  
IOC_TEST:m0s001-AI01-Arr       2022-11-18 12:18:51.090581 -6  
IOC_TEST:m0s001-AI01-Arr       2022-11-18 12:18:51.091578 -3  
IOC_TEST:m0s001-AI01-Arr       2022-11-18 12:18:51.092582 -3  
IOC_TEST:m0s001-AI01-Arr       2022-11-18 12:18:51.093575 -3  
IOC_TEST:m0s001-AI01-Arr       2022-11-18 12:18:51.094577 -3  
IOC_TEST:m0s001-AI01-Arr       2022-11-18 12:18:51.095577 -6  
IOC_TEST:m0s001-AI01-Arr       2022-11-18 12:18:51.096563 -3  
IOC_TEST:m0s001-AI01-Arr       2022-11-18 12:18:51.097583 -3  
IOC_TEST:m0s001-AI01-Arr       2022-11-18 12:18:51.098581 -6  
IOC_TEST:m0s001-AI01-Arr       2022-11-18 12:18:51.099581 -3  
IOC_TEST:m0s001-AI01-Arr       2022-11-18 12:18:51.100579 -4  
IOC_TEST:m0s001-AI01-Arr       2022-11-18 12:18:51.101580 -3  
IOC_TEST:m0s001-AI01-Arr       2022-11-18 12:18:51.102581 -4  
IOC_TEST:m0s001-AI01-Arr       2022-11-18 12:18:51.103586 -3  
IOC_TEST:m0s001-AI01-Arr       2022-11-18 12:18:51.104584 -2  
IOC_TEST:m0s001-AI01-Arr       2022-11-18 12:18:51.105604 -2  
IOC_TEST:m0s001-AI01-Arr       2022-11-18 12:18:51.106614 -7  
IOC_TEST:m0s001-AI01-Arr       2022-11-18 12:18:51.107738 -6  
IOC_TEST:m0s001-AI01-Arr       2022-11-18 12:18:51.108629 -3  
IOC_TEST:m0s001-AI01-Arr       2022-11-18 12:18:51.109628 -4  
IOC_TEST:m0s001-AI01-Arr       2022-11-18 12:18:51.110652 -4  
IOC_TEST:m0s001-AI01-Arr       2022-11-18 12:18:51.111570 -6  
IOC_TEST:m0s001-AI01-Arr       2022-11-18 12:18:51.112552 -2  
IOC_TEST:m0s001-AI01-Arr       2022-11-18 12:18:51.113553 -4  
IOC_TEST:m0s001-AI01-Arr       2022-11-18 12:18:51.114550 -4  
IOC_TEST:m0s001-AI01-Arr       2022-11-18 12:18:51.115551 -4  
IOC_TEST:m0s001-AI01-Arr       2022-11-18 12:18:51.116547 -6  
IOC_TEST:m0s001-AI01-Arr       2022-11-18 12:18:51.117549 -2  
IOC_TEST:m0s001-AI01-Arr       2022-11-18 12:18:51.118550 -6  
IOC_TEST:m0s001-AI01-Arr       2022-11-18 12:18:51.119551 -3  
IOC_TEST:m0s001-AI01-Arr       2022-11-18 12:18:51.120567 -6  
IOC_TEST:m0s001-AI01-Arr       2022-11-18 12:18:51.121568 -8  
IOC_TEST:m0s001-AI01-Arr       2022-11-18 12:18:51.122549 -3  
IOC_TEST:m0s001-AI01-Arr       2022-11-18 12:18:51.123593 -2  
IOC_TEST:m0s001-AI01-Arr       2022-11-18 12:18:51.124544 -4  
IOC_TEST:m0s001-AI01-Arr       2022-11-18 12:18:51.125551 -4  
IOC_TEST:m0s001-AI01-Arr       2022-11-18 12:18:51.126550 -6  
IOC_TEST:m0s001-AI01-Arr       2022-11-18 12:18:51.127540 -7  
IOC_TEST:m0s001-AI01-Arr       2022-11-18 12:18:51.128548 -3  
IOC_TEST:m0s001-AI01-Arr       2022-11-18 12:18:51.129549 1  
IOC_TEST:m0s001-AI01-Arr       2022-11-18 12:18:51.130548 -7  
IOC_TEST:m0s001-AI01-Arr       2022-11-18 12:18:51.131550 -2  
IOC_TEST:m0s001-AI01-Arr       2022-11-18 12:18:51.132550 -3  
IOC_TEST:m0s001-AI01-Arr       2022-11-18 12:18:51.133541 -4  
IOC_TEST:m0s001-AI01-Arr       2022-11-18 12:18:51.134581 -4  
IOC_TEST:m0s001-AI01-Arr       2022-11-18 12:18:51.135585 -4  
IOC_TEST:m0s001-AI01-Arr       2022-11-18 12:18:51.136596 -4  
IOC_TEST:m0s001-AI01-Arr       2022-11-18 12:18:51.137556 -4  
IOC_TEST:m0s001-AI01-Arr       2022-11-18 12:18:51.138587 -2  
IOC_TEST:m0s001-AI01-Arr       2022-11-18 12:18:51.139589 -4  
IOC_TEST:m0s001-AI01-Arr       2022-11-18 12:18:51.140590 -7  
IOC_TEST:m0s001-AI01-Arr       2022-11-18 12:18:51.141588 -4  
IOC_TEST:m0s001-AI01-Arr       2022-11-18 12:18:51.142573 -4  
IOC_TEST:m0s001-AI01-Arr       2022-11-18 12:18:51.143595 -3  
IOC_TEST:m0s001-AI01-Arr       2022-11-18 12:18:51.144585 -6  
IOC_TEST:m0s001-AI01-Arr       2022-11-18 12:18:51.145571 -6  
IOC_TEST:m0s001-AI01-Arr       2022-11-18 12:18:51.146620 -3  
IOC_TEST:m0s001-AI01-Arr       2022-11-18 12:18:51.147623 -4  
IOC_TEST:m0s001-AI01-Arr       2022-11-18 12:18:51.148603 -3  
IOC_TEST:m0s001-AI01-Arr       2022-11-18 12:18:51.149605 -3  
IOC_TEST:m0s001-AI01-Arr       2022-11-18 12:18:51.150604 -4  
IOC_TEST:m0s001-AI01-Arr       2022-11-18 12:18:51.151611 -6  
IOC_TEST:m0s001-AI01-Arr       2022-11-18 12:18:51.152632 2  
IOC_TEST:m0s001-AI01-Arr       2022-11-18 12:18:51.153600 -2  
IOC_TEST:m0s001-AI01-Arr       2022-11-18 12:18:51.154598 -6  
IOC_TEST:m0s001-AI01-Arr       2022-11-18 12:18:51.155598 -3  
IOC_TEST:m0s001-AI01-Arr       2022-11-18 12:18:51.156595 -4  
IOC_TEST:m0s001-AI01-Arr       2022-11-18 12:18:51.157594 -4  
IOC_TEST:m0s001-AI01-Arr       2022-11-18 12:18:51.158597 -3  
IOC_TEST:m0s001-AI01-Arr       2022-11-18 12:18:51.159596 -4  
IOC_TEST:m0s001-AI01-Arr       2022-11-18 12:18:51.160595 -2  
IOC_TEST:m0s001-AI01-Arr       2022-11-18 12:18:51.161595 -3  
IOC_TEST:m0s001-AI01-Arr       2022-11-18 12:18:51.162654 -3  
IOC_TEST:m0s001-AI01-Arr       2022-11-18 12:18:51.163561 -4  
IOC_TEST:m0s001-AI01-Arr       2022-11-18 12:18:51.164604 -4  
IOC_TEST:m0s001-AI01-Arr       2022-11-18 12:18:51.165602 -4  
IOC_TEST:m0s001-AI01-Arr       2022-11-18 12:18:51.166599 -4  
IOC_TEST:m0s001-AI01-Arr       2022-11-18 12:18:51.167598 -4  
IOC_TEST:m0s001-AI01-Arr       2022-11-18 12:18:51.168641 -7  
IOC_TEST:m0s001-AI01-Arr       2022-11-18 12:18:51.169605 0  
IOC_TEST:m0s001-AI01-Arr       2022-11-18 12:18:51.170568 -6  
IOC_TEST:m0s001-AI01-Arr       2022-11-18 12:18:51.171751 -4  
IOC_TEST:m0s001-AI01-Arr       2022-11-18 12:18:51.172765 -6  
IOC_TEST:m0s001-AI01-Arr       2022-11-18 12:18:51.173589 -3  
IOC_TEST:m0s001-AI01-Arr       2022-11-18 12:18:51.174628 -3  
IOC_TEST:m0s001-AI01-Arr       2022-11-18 12:18:51.175709 -3  
IOC_TEST:m0s001-AI01-Arr       2022-11-18 12:18:51.176564 0  
IOC_TEST:m0s001-AI01-Arr       2022-11-18 12:18:51.177539 -6  
IOC_TEST:m0s001-AI01-Arr       2022-11-18 12:18:51.178541 -6  
IOC_TEST:m0s001-AI01-Arr       2022-11-18 12:18:51.179536 -6  
IOC_TEST:m0s001-AI01-Arr       2022-11-18 12:18:51.180552 -3  
IOC_TEST:m0s001-AI01-Arr       2022-11-18 12:18:51.181537 -3  
IOC_TEST:m0s001-AI01-Arr       2022-11-18 12:18:51.182553 -3  
IOC_TEST:m0s001-AI01-Arr       2022-11-18 12:18:51.183540 -3  
IOC_TEST:m0s001-AI01-Arr       2022-11-18 12:18:51.184629 -2  
IOC_TEST:m0s001-AI01-Arr       2022-11-18 12:18:51.185611 -3  
IOC_TEST:m0s001-AI01-Arr       2022-11-18 12:18:51.186617 -4  
IOC_TEST:m0s001-AI01-Arr       2022-11-18 12:18:51.187598 -8  
IOC_TEST:m0s001-AI01-Arr       2022-11-18 12:18:51.188593 -4  
IOC_TEST:m0s001-AI01-Arr       2022-11-18 12:18:51.189573 -3  
IOC_TEST:m0s001-AI01-Arr       2022-11-18 12:18:51.190572 -3  
IOC_TEST:m0s001-AI01-Arr       2022-11-18 12:18:51.191557 -4  
IOC_TEST:m0s001-AI01-Arr       2022-11-18 12:18:51.192556 -3  
IOC_TEST:m0s001-AI01-Arr       2022-11-18 12:18:51.193595 -6  
IOC_TEST:m0s001-AI01-Arr       2022-11-18 12:18:51.194553 0  
IOC_TEST:m0s001-AI01-Arr       2022-11-18 12:18:51.195559 -4  
IOC_TEST:m0s001-AI01-Arr       2022-11-18 12:18:51.196555 -4  
IOC_TEST:m0s001-AI01-Arr       2022-11-18 12:18:51.197556 -4  
IOC_TEST:m0s001-AI01-Arr       2022-11-18 12:18:51.198558 -10  
IOC_TEST:m0s001-AI01-Arr       2022-11-18 12:18:51.199557 1  
IOC_TEST:m0s001-AI01-Arr       2022-11-18 12:18:51.200558 -7  
IOC_TEST:m0s001-AI01-Arr       2022-11-18 12:18:51.201559 -6  
IOC_TEST:m0s001-AI01-Arr       2022-11-18 12:18:51.202558 -2  
IOC_TEST:m0s001-AI01-Arr       2022-11-18 12:18:51.203555 -4  
IOC_TEST:m0s001-AI01-Arr       2022-11-18 12:18:51.204619 -4  
IOC_TEST:m0s001-AI01-Arr       2022-11-18 12:18:51.205627 -3  
IOC_TEST:m0s001-AI01-Arr       2022-11-18 12:18:51.206590 -7  
IOC_TEST:m0s001-AI01-Arr       2022-11-18 12:18:51.207593 -4  
IOC_TEST:m0s001-AI01-Arr       2022-11-18 12:18:51.208595 -4  
IOC_TEST:m0s001-AI01-Arr       2022-11-18 12:18:51.209553 -6  
IOC_TEST:m0s001-AI01-Arr       2022-11-18 12:18:51.210553 -4  
IOC_TEST:m0s001-AI01-Arr       2022-11-18 12:18:51.211544 -2  
IOC_TEST:m0s001-AI01-Arr       2022-11-18 12:18:51.212552 -6  
IOC_TEST:m0s001-AI01-Arr       2022-11-18 12:18:51.213623 -10  
IOC_TEST:m0s001-AI01-Arr       2022-11-18 12:18:51.214604 -2  
IOC_TEST:m0s001-AI01-Arr       2022-11-18 12:18:51.215600 -7  
IOC_TEST:m0s001-AI01-Arr       2022-11-18 12:18:51.216611 -3  
IOC_TEST:m0s001-AI01-Arr       2022-11-18 12:18:51.217576 -3  
IOC_TEST:m0s001-AI01-Arr       2022-11-18 12:18:51.218690 0  
IOC_TEST:m0s001-AI01-Arr       2022-11-18 12:18:51.219612 -3  
IOC_TEST:m0s001-AI01-Arr       2022-11-18 12:18:51.220600 -3  
IOC_TEST:m0s001-AI01-Arr       2022-11-18 12:18:51.221597 -4  
IOC_TEST:m0s001-AI01-Arr       2022-11-18 12:18:51.222652 -2  
IOC_TEST:m0s001-AI01-Arr       2022-11-18 12:18:51.223607 -2  
IOC_TEST:m0s001-AI01-Arr       2022-11-18 12:18:51.224616 -3  
IOC_TEST:m0s001-AI01-Arr       2022-11-18 12:18:51.225598 -6  
IOC_TEST:m0s001-AI01-Arr       2022-11-18 12:18:51.226599 -3  
IOC_TEST:m0s001-AI01-Arr       2022-11-18 12:18:51.227598 -3  
IOC_TEST:m0s001-AI01-Arr       2022-11-18 12:18:51.228598 -2  
IOC_TEST:m0s001-AI01-Arr       2022-11-18 12:18:51.229598 -3  
IOC_TEST:m0s001-AI01-Arr       2022-11-18 12:18:51.230599 -4  
IOC_TEST:m0s001-AI01-Arr       2022-11-18 12:18:51.231598 -3  
IOC_TEST:m0s001-AI01-Arr       2022-11-18 12:18:51.232598 0  
IOC_TEST:m0s001-AI01-Arr       2022-11-18 12:18:51.233598 0  
IOC_TEST:m0s001-AI01-Arr       2022-11-18 12:18:51.234598 -2  
IOC_TEST:m0s001-AI01-Arr       2022-11-18 12:18:51.235600 -4  
IOC_TEST:m0s001-AI01-Arr       2022-11-18 12:18:51.236601 -4  
IOC_TEST:m0s001-AI01-Arr       2022-11-18 12:18:51.237617 -4  
IOC_TEST:m0s001-AI01-Arr       2022-11-18 12:18:51.238598 -4  
IOC_TEST:m0s001-AI01-Arr       2022-11-18 12:18:51.239621 -3  
IOC_TEST:m0s001-AI01-Arr       2022-11-18 12:18:51.240568 -4  
IOC_TEST:m0s001-AI01-Arr       2022-11-18 12:18:51.241574 -7  
IOC_TEST:m0s001-AI01-Arr       2022-11-18 12:18:51.242647 -2  
IOC_TEST:m0s001-AI01-Arr       2022-11-18 12:18:51.243632 -4  
IOC_TEST:m0s001-AI01-Arr       2022-11-18 12:18:51.244565 -10  
IOC_TEST:m0s001-AI01-Arr       2022-11-18 12:18:51.245557 -2  
IOC_TEST:m0s001-AI01-Arr       2022-11-18 12:18:51.246611 -3  
IOC_TEST:m0s001-AI01-Arr       2022-11-18 12:18:51.247563 -7  
IOC_TEST:m0s001-AI01-Arr       2022-11-18 12:18:51.248560 -4  
IOC_TEST:m0s001-AI01-Arr       2022-11-18 12:18:51.249565 -4  
IOC_TEST:m0s001-AI01-Arr       2022-11-18 12:18:51.250569 -6  
IOC_TEST:m0s001-AI01-Arr       2022-11-18 12:18:51.251560 -8  
IOC_TEST:m0s001-AI01-Arr       2022-11-18 12:18:51.252609 -3  
IOC_TEST:m0s001-AI01-Arr       2022-11-18 12:18:51.253595 -7  
IOC_TEST:m0s001-AI01-Arr       2022-11-18 12:18:51.254561 -4  
IOC_TEST:m0s001-AI01-Arr       2022-11-18 12:18:51.255599 0  
IOC_TEST:m0s001-AI01-Arr       2022-11-18 12:18:51.256569 -4  
IOC_TEST:m0s001-AI01-Arr       2022-11-18 12:18:51.257556 -6  
IOC_TEST:m0s001-AI01-Arr       2022-11-18 12:18:51.258554 -3  
IOC_TEST:m0s001-AI01-Arr       2022-11-18 12:18:51.259553 -6  
IOC_TEST:m0s001-AI01-Arr       2022-11-18 12:18:51.260552 -3  
IOC_TEST:m0s001-AI01-Arr       2022-11-18 12:18:51.261544 1  
IOC_TEST:m0s001-AI01-Arr       2022-11-18 12:18:51.262609 -4  
IOC_TEST:m0s001-AI01-Arr       2022-11-18 12:18:51.263612 -4  
IOC_TEST:m0s001-AI01-Arr       2022-11-18 12:18:51.264588 -4  
IOC_TEST:m0s001-AI01-Arr       2022-11-18 12:18:51.265597 -3  
IOC_TEST:m0s001-AI01-Arr       2022-11-18 12:18:51.266590 -7  
IOC_TEST:m0s001-AI01-Arr       2022-11-18 12:18:51.267570 -4  
IOC_TEST:m0s001-AI01-Arr       2022-11-18 12:18:51.268591 -6  
IOC_TEST:m0s001-AI01-Arr       2022-11-18 12:18:51.269593 -3  
IOC_TEST:m0s001-AI01-Arr       2022-11-18 12:18:51.270591 -7  
IOC_TEST:m0s001-AI01-Arr       2022-11-18 12:18:51.271593 -3  
IOC_TEST:m0s001-AI01-Arr       2022-11-18 12:18:51.272572 -2  
IOC_TEST:m0s001-AI01-Arr       2022-11-18 12:18:51.273613 -4  
IOC_TEST:m0s001-AI01-Arr       2022-11-18 12:18:51.274596 -3  
IOC_TEST:m0s001-AI01-Arr       2022-11-18 12:18:51.275572 -2  
IOC_TEST:m0s001-AI01-Arr       2022-11-18 12:18:51.276732 -8  
IOC_TEST:m0s001-AI01-Arr       2022-11-18 12:18:51.277555 -7  
IOC_TEST:m0s001-AI01-Arr       2022-11-18 12:18:51.278546 -6  
IOC_TEST:m0s001-AI01-Arr       2022-11-18 12:18:51.279546 -4  
IOC_TEST:m0s001-AI01-Arr       2022-11-18 12:18:51.280590 -4  
IOC_TEST:m0s001-AI01-Arr       2022-11-18 12:18:51.281602 -4  
IOC_TEST:m0s001-AI01-Arr       2022-11-18 12:18:51.282601 -8  
IOC_TEST:m0s001-AI01-Arr       2022-11-18 12:18:51.283616 -2  
IOC_TEST:m0s001-AI01-Arr       2022-11-18 12:18:51.284598 -3  
IOC_TEST:m0s001-AI01-Arr       2022-11-18 12:18:51.285594 -3  
IOC_TEST:m0s001-AI01-Arr       2022-11-18 12:18:51.286594 -6  
IOC_TEST:m0s001-AI01-Arr       2022-11-18 12:18:51.287592 -3  
IOC_TEST:m0s001-AI01-Arr       2022-11-18 12:18:51.288573 -3  
IOC_TEST:m0s001-AI01-Arr       2022-11-18 12:18:51.289592 -6  
IOC_TEST:m0s001-AI01-Arr       2022-11-18 12:18:51.290593 -2  
IOC_TEST:m0s001-AI01-Arr       2022-11-18 12:18:51.291592 -4  
IOC_TEST:m0s001-AI01-Arr       2022-11-18 12:18:51.292575 -4  
IOC_TEST:m0s001-AI01-Arr       2022-11-18 12:18:51.293592 -3  
IOC_TEST:m0s001-AI01-Arr       2022-11-18 12:18:51.294592 -2  
IOC_TEST:m0s001-AI01-Arr       2022-11-18 12:18:51.295593 -6  
IOC_TEST:m0s001-AI01-Arr       2022-11-18 12:18:51.296593 -2  
IOC_TEST:m0s001-AI01-Arr       2022-11-18 12:18:51.297602 -3  
IOC_TEST:m0s001-AI01-Arr       2022-11-18 12:18:51.298592 -3  
IOC_TEST:m0s001-AI01-Arr       2022-11-18 12:18:51.299595 -3  
IOC_TEST:m0s001-AI01-Arr       2022-11-18 12:18:51.300599 -3  
IOC_TEST:m0s001-AI01-Arr       2022-11-18 12:18:51.301594 -3  
IOC_TEST:m0s001-AI01-Arr       2022-11-18 12:18:51.302594 -4  
IOC_TEST:m0s001-AI01-Arr       2022-11-18 12:18:51.303824 -3  
IOC_TEST:m0s001-AI01-Arr       2022-11-18 12:18:51.304562 -4  
IOC_TEST:m0s001-AI01-Arr       2022-11-18 12:18:51.305561 -7  
IOC_TEST:m0s001-AI01-Arr       2022-11-18 12:18:51.306574 -6  
IOC_TEST:m0s001-AI01-Arr       2022-11-18 12:18:51.307558 -2  
IOC_TEST:m0s001-AI01-Arr       2022-11-18 12:18:51.308556 -4  
IOC_TEST:m0s001-AI01-Arr       2022-11-18 12:18:51.309556 -3  
IOC_TEST:m0s001-AI01-Arr       2022-11-18 12:18:51.310601 0  
IOC_TEST:m0s001-AI01-Arr       2022-11-18 12:18:51.311616 -6  
IOC_TEST:m0s001-AI01-Arr       2022-11-18 12:18:51.312598 -3  
IOC_TEST:m0s001-AI01-Arr       2022-11-18 12:18:51.313559 0  
IOC_TEST:m0s001-AI01-Arr       2022-11-18 12:18:51.314630 -3  
IOC_TEST:m0s001-AI01-Arr       2022-11-18 12:18:51.315619 -2  
IOC_TEST:m0s001-AI01-Arr       2022-11-18 12:18:51.316627 -7  
IOC_TEST:m0s001-AI01-Arr       2022-11-18 12:18:51.317594 -4  
IOC_TEST:m0s001-AI01-Arr       2022-11-18 12:18:51.318556 -3  
IOC_TEST:m0s001-AI01-Arr       2022-11-18 12:18:51.319592 -4  
IOC_TEST:m0s001-AI01-Arr       2022-11-18 12:18:51.320558 -7  
IOC_TEST:m0s001-AI01-Arr       2022-11-18 12:18:51.321593 -4  
IOC_TEST:m0s001-AI01-Arr       2022-11-18 12:18:51.322558 -4  
IOC_TEST:m0s001-AI01-Arr       2022-11-18 12:18:51.323590 -7  
IOC_TEST:m0s001-AI01-Arr       2022-11-18 12:18:51.324559 -3  
IOC_TEST:m0s001-AI01-Arr       2022-11-18 12:18:51.325594 -3  
IOC_TEST:m0s001-AI01-Arr       2022-11-18 12:18:51.326562 -3  
IOC_TEST:m0s001-AI01-Arr       2022-11-18 12:18:51.327591 -2  
IOC_TEST:m0s001-AI01-Arr       2022-11-18 12:18:51.328558 -4  
IOC_TEST:m0s001-AI01-Arr       2022-11-18 12:18:51.329591 -3  
IOC_TEST:m0s001-AI01-Arr       2022-11-18 12:18:51.330641 -4  
IOC_TEST:m0s001-AI01-Arr       2022-11-18 12:18:51.331575 -7  
IOC_TEST:m0s001-AI01-Arr       2022-11-18 12:18:51.332587 -6  
IOC_TEST:m0s001-AI01-Arr       2022-11-18 12:18:51.333608 -6  
IOC_TEST:m0s001-AI01-Arr       2022-11-18 12:18:51.334637 -6  
IOC_TEST:m0s001-AI01-Arr       2022-11-18 12:18:51.335597 -4  
IOC_TEST:m0s001-AI01-Arr       2022-11-18 12:18:51.336566 -3  
IOC_TEST:m0s001-AI01-Arr       2022-11-18 12:18:51.337557 -10  
IOC_TEST:m0s001-AI01-Arr       2022-11-18 12:18:51.338575 -8  
IOC_TEST:m0s001-AI01-Arr       2022-11-18 12:18:51.339568 -4  
IOC_TEST:m0s001-AI01-Arr       2022-11-18 12:18:51.340555 -3  
IOC_TEST:m0s001-AI01-Arr       2022-11-18 12:18:51.341553 -2  
IOC_TEST:m0s001-AI01-Arr       2022-11-18 12:18:51.342552 -4  
IOC_TEST:m0s001-AI01-Arr       2022-11-18 12:18:51.343561 -4  
IOC_TEST:m0s001-AI01-Arr       2022-11-18 12:18:51.344610 -8  
IOC_TEST:m0s001-AI01-Arr       2022-11-18 12:18:51.345599 -3  
IOC_TEST:m0s001-AI01-Arr       2022-11-18 12:18:51.346601 -6  
IOC_TEST:m0s001-AI01-Arr       2022-11-18 12:18:51.347618 1  
IOC_TEST:m0s001-AI01-Arr       2022-11-18 12:18:51.348646 -4  
IOC_TEST:m0s001-AI01-Arr       2022-11-18 12:18:51.349714 -6  
IOC_TEST:m0s001-AI01-Arr       2022-11-18 12:18:51.350619 0  
IOC_TEST:m0s001-AI01-Arr       2022-11-18 12:18:51.351602 -3  
IOC_TEST:m0s001-AI01-Arr       2022-11-18 12:18:51.352601 -3  
IOC_TEST:m0s001-AI01-Arr       2022-11-18 12:18:51.353599 -3  
IOC_TEST:m0s001-AI01-Arr       2022-11-18 12:18:51.354604 -3  
IOC_TEST:m0s001-AI01-Arr       2022-11-18 12:18:51.355755 -3  
IOC_TEST:m0s001-AI01-Arr       2022-11-18 12:18:51.356601 -6  
IOC_TEST:m0s001-AI01-Arr       2022-11-18 12:18:51.357595 -3  
IOC_TEST:m0s001-AI01-Arr       2022-11-18 12:18:51.358590 -4  
IOC_TEST:m0s001-AI01-Arr       2022-11-18 12:18:51.359559 -3  
IOC_TEST:m0s001-AI01-Arr       2022-11-18 12:18:51.360559 -6  
IOC_TEST:m0s001-AI01-Arr       2022-11-18 12:18:51.361544 0  
IOC_TEST:m0s001-AI01-Arr       2022-11-18 12:18:51.362617 -3  
IOC_TEST:m0s001-AI01-Arr       2022-11-18 12:18:51.363603 -6  
IOC_TEST:m0s001-AI01-Arr       2022-11-18 12:18:51.364612 -2  
IOC_TEST:m0s001-AI01-Arr       2022-11-18 12:18:51.365598 0  
IOC_TEST:m0s001-AI01-Arr       2022-11-18 12:18:51.366602 -3  
IOC_TEST:m0s001-AI01-Arr       2022-11-18 12:18:51.367598 -4  
IOC_TEST:m0s001-AI01-Arr       2022-11-18 12:18:51.368601 -7  
IOC_TEST:m0s001-AI01-Arr       2022-11-18 12:18:51.369767 -4  
IOC_TEST:m0s001-AI01-Arr       2022-11-18 12:18:51.370595 -7  
IOC_TEST:m0s001-AI01-Arr       2022-11-18 12:18:51.371597 -3  
IOC_TEST:m0s001-AI01-Arr       2022-11-18 12:18:51.372581 -6  
IOC_TEST:m0s001-AI01-Arr       2022-11-18 12:18:51.373576 -2  
IOC_TEST:m0s001-AI01-Arr       2022-11-18 12:18:51.374572 -3  
IOC_TEST:m0s001-AI01-Arr       2022-11-18 12:18:51.375571 -4  
IOC_TEST:m0s001-AI01-Arr       2022-11-18 12:18:51.376571 -6  
IOC_TEST:m0s001-AI01-Arr       2022-11-18 12:18:51.377760 -3  
IOC_TEST:m0s001-AI01-Arr       2022-11-18 12:18:51.378547 -4  
IOC_TEST:m0s001-AI01-Arr       2022-11-18 12:18:51.379544 -8  
IOC_TEST:m0s001-AI01-Arr       2022-11-18 12:18:51.380621 -6  
IOC_TEST:m0s001-AI01-Arr       2022-11-18 12:18:51.381620 -3  
IOC_TEST:m0s001-AI01-Arr       2022-11-18 12:18:51.382633 0  
IOC_TEST:m0s001-AI01-Arr       2022-11-18 12:18:51.383600 -3  
IOC_TEST:m0s001-AI01-Arr       2022-11-18 12:18:51.384599 -3  
IOC_TEST:m0s001-AI01-Arr       2022-11-18 12:18:51.385598 -2  
IOC_TEST:m0s001-AI01-Arr       2022-11-18 12:18:51.386598 -3  
IOC_TEST:m0s001-AI01-Arr       2022-11-18 12:18:51.387597 0  
IOC_TEST:m0s001-AI01-Arr       2022-11-18 12:18:51.388596 -4  
IOC_TEST:m0s001-AI01-Arr       2022-11-18 12:18:51.389598 -4  
IOC_TEST:m0s001-AI01-Arr       2022-11-18 12:18:51.390597 -3  
IOC_TEST:m0s001-AI01-Arr       2022-11-18 12:18:51.391597 -3  
IOC_TEST:m0s001-AI01-Arr       2022-11-18 12:18:51.392596 -3  
IOC_TEST:m0s001-AI01-Arr       2022-11-18 12:18:51.393596 -3  
IOC_TEST:m0s001-AI01-Arr       2022-11-18 12:18:51.394599 -3  
IOC_TEST:m0s001-AI01-Arr       2022-11-18 12:18:51.395597 -6  
IOC_TEST:m0s001-AI01-Arr       2022-11-18 12:18:51.396597 -4  
IOC_TEST:m0s001-AI01-Arr       2022-11-18 12:18:51.397598 -6  
IOC_TEST:m0s001-AI01-Arr       2022-11-18 12:18:51.398606 -3  
IOC_TEST:m0s001-AI01-Arr       2022-11-18 12:18:51.399606 -2  
IOC_TEST:m0s001-AI01-Arr       2022-11-18 12:18:51.400618 -4  
IOC_TEST:m0s001-AI01-Arr       2022-11-18 12:18:51.401596 -6  
IOC_TEST:m0s001-AI01-Arr       2022-11-18 12:18:51.402603 -2  
IOC_TEST:m0s001-AI01-Arr       2022-11-18 12:18:51.403603 -3  
IOC_TEST:m0s001-AI01-Arr       2022-11-18 12:18:51.404566 -6  
IOC_TEST:m0s001-AI01-Arr       2022-11-18 12:18:51.405572 -2  
IOC_TEST:m0s001-AI01-Arr       2022-11-18 12:18:51.406560 -6  
IOC_TEST:m0s001-AI01-Arr       2022-11-18 12:18:51.407555 -6  
IOC_TEST:m0s001-AI01-Arr       2022-11-18 12:18:51.408552 -4  
IOC_TEST:m0s001-AI01-Arr       2022-11-18 12:18:51.409555 -6  
IOC_TEST:m0s001-AI01-Arr       2022-11-18 12:18:51.410561 -3  
IOC_TEST:m0s001-AI01-Arr       2022-11-18 12:18:51.411551 -6  
IOC_TEST:m0s001-AI01-Arr       2022-11-18 12:18:51.412548 -3  
IOC_TEST:m0s001-AI01-Arr       2022-11-18 12:18:51.413569 -8  
IOC_TEST:m0s001-AI01-Arr       2022-11-18 12:18:51.414648 -4  
IOC_TEST:m0s001-AI01-Arr       2022-11-18 12:18:51.415628 -3  
IOC_TEST:m0s001-AI01-Arr       2022-11-18 12:18:51.416601 -3  
IOC_TEST:m0s001-AI01-Arr       2022-11-18 12:18:51.417598 -2  
IOC_TEST:m0s001-AI01-Arr       2022-11-18 12:18:51.418592 -3  
IOC_TEST:m0s001-AI01-Arr       2022-11-18 12:18:51.419595 -4  
IOC_TEST:m0s001-AI01-Arr       2022-11-18 12:18:51.420593 -3  
IOC_TEST:m0s001-AI01-Arr       2022-11-18 12:18:51.421573 -3  
IOC_TEST:m0s001-AI01-Arr       2022-11-18 12:18:51.422592 -3  
IOC_TEST:m0s001-AI01-Arr       2022-11-18 12:18:51.423593 -3  
IOC_TEST:m0s001-AI01-Arr       2022-11-18 12:18:51.424591 -3  
IOC_TEST:m0s001-AI01-Arr       2022-11-18 12:18:51.425579 -3  
IOC_TEST:m0s001-AI01-Arr       2022-11-18 12:18:51.426591 -3  
IOC_TEST:m0s001-AI01-Arr       2022-11-18 12:18:51.427573 -8  
IOC_TEST:m0s001-AI01-Arr       2022-11-18 12:18:51.428573 -3  
IOC_TEST:m0s001-AI01-Arr       2022-11-18 12:18:51.429573 -6  
IOC_TEST:m0s001-AI01-Arr       2022-11-18 12:18:51.430606 -6  
IOC_TEST:m0s001-AI01-Arr       2022-11-18 12:18:51.431599 -4  
IOC_TEST:m0s001-AI01-Arr       2022-11-18 12:18:51.432598 -6  
IOC_TEST:m0s001-AI01-Arr       2022-11-18 12:18:51.433600 -6  
IOC_TEST:m0s001-AI01-Arr       2022-11-18 12:18:51.434596 -6  
IOC_TEST:m0s001-AI01-Arr       2022-11-18 12:18:51.435597 -3  
IOC_TEST:m0s001-AI01-Arr       2022-11-18 12:18:51.436564 -6  
IOC_TEST:m0s001-AI01-Arr       2022-11-18 12:18:51.437561 -3  
IOC_TEST:m0s001-AI01-Arr       2022-11-18 12:18:51.438617 -3  
IOC_TEST:m0s001-AI01-Arr       2022-11-18 12:18:51.439607 -3  
IOC_TEST:m0s001-AI01-Arr       2022-11-18 12:18:51.440590 -6  
IOC_TEST:m0s001-AI01-Arr       2022-11-18 12:18:51.441592 -4  
IOC_TEST:m0s001-AI01-Arr       2022-11-18 12:18:51.442593 -2  
IOC_TEST:m0s001-AI01-Arr       2022-11-18 12:18:51.443592 -4  
IOC_TEST:m0s001-AI01-Arr       2022-11-18 12:18:51.444592 -3  
IOC_TEST:m0s001-AI01-Arr       2022-11-18 12:18:51.445593 -6  
IOC_TEST:m0s001-AI01-Arr       2022-11-18 12:18:51.446621 -4  
IOC_TEST:m0s001-AI01-Arr       2022-11-18 12:18:51.447631 -4  
IOC_TEST:m0s001-AI01-Arr       2022-11-18 12:18:51.448598 1  
IOC_TEST:m0s001-AI01-Arr       2022-11-18 12:18:51.449597 -4  
IOC_TEST:m0s001-AI01-Arr       2022-11-18 12:18:51.450552 -4  
IOC_TEST:m0s001-AI01-Arr       2022-11-18 12:18:51.451555 0  
IOC_TEST:m0s001-AI01-Arr       2022-11-18 12:18:51.452555 -2  
IOC_TEST:m0s001-AI01-Arr       2022-11-18 12:18:51.453551 -3  
IOC_TEST:m0s001-AI01-Arr       2022-11-18 12:18:51.454545 -3  
IOC_TEST:m0s001-AI01-Arr       2022-11-18 12:18:51.455624 -2  
IOC_TEST:m0s001-AI01-Arr       2022-11-18 12:18:51.456560 -7  
IOC_TEST:m0s001-AI01-Arr       2022-11-18 12:18:51.457560 -3  
IOC_TEST:m0s001-AI01-Arr       2022-11-18 12:18:51.458543 -3  
IOC_TEST:m0s001-AI01-Arr       2022-11-18 12:18:51.459559 -4  
IOC_TEST:m0s001-AI01-Arr       2022-11-18 12:18:51.460560 -2  
IOC_TEST:m0s001-AI01-Arr       2022-11-18 12:18:51.461557 -4  
IOC_TEST:m0s001-AI01-Arr       2022-11-18 12:18:51.462647 -3  
IOC_TEST:m0s001-AI01-Arr       2022-11-18 12:18:51.463608 0  
IOC_TEST:m0s001-AI01-Arr       2022-11-18 12:18:51.464739 -2  
IOC_TEST:m0s001-AI01-Arr       2022-11-18 12:18:51.465605 -10  
IOC_TEST:m0s001-AI01-Arr       2022-11-18 12:18:51.466562 -3  
IOC_TEST:m0s001-AI01-Arr       2022-11-18 12:18:51.467645 -3  
IOC_TEST:m0s001-AI01-Arr       2022-11-18 12:18:51.468613 -6  
IOC_TEST:m0s001-AI01-Arr       2022-11-18 12:18:51.469602 -4  
IOC_TEST:m0s001-AI01-Arr       2022-11-18 12:18:51.470601 -6  
IOC_TEST:m0s001-AI01-Arr       2022-11-18 12:18:51.471655 -4  
IOC_TEST:m0s001-AI01-Arr       2022-11-18 12:18:51.472608 -7  
IOC_TEST:m0s001-AI01-Arr       2022-11-18 12:18:51.473604 -6  
IOC_TEST:m0s001-AI01-Arr       2022-11-18 12:18:51.474629 -4  
IOC_TEST:m0s001-AI01-Arr       2022-11-18 12:18:51.475572 -4  
IOC_TEST:m0s001-AI01-Arr       2022-11-18 12:18:51.476553 -3  
IOC_TEST:m0s001-AI01-Arr       2022-11-18 12:18:51.477599 -3  
IOC_TEST:m0s001-AI01-Arr       2022-11-18 12:18:51.478779 -3  
IOC_TEST:m0s001-AI01-Arr       2022-11-18 12:18:51.479617 -3  
IOC_TEST:m0s001-AI01-Arr       2022-11-18 12:18:51.480643 -3  
IOC_TEST:m0s001-AI01-Arr       2022-11-18 12:18:51.481638 0  
IOC_TEST:m0s001-AI01-Arr       2022-11-18 12:18:51.482613 -2  
