IOC_TEST:m0s001-AI01-Arr       2022-11-18 15:27:27.221700 -3  
IOC_TEST:m0s001-AI01-Arr       2022-11-18 15:27:27.222609 -3  
IOC_TEST:m0s001-AI01-Arr       2022-11-18 15:27:27.223724 -2  
IOC_TEST:m0s001-AI01-Arr       2022-11-18 15:27:27.224589 -3  
IOC_TEST:m0s001-AI01-Arr       2022-11-18 15:27:27.225550 1  
IOC_TEST:m0s001-AI01-Arr       2022-11-18 15:27:27.226593 -3  
IOC_TEST:m0s001-AI01-Arr       2022-11-18 15:27:27.227561 -3  
IOC_TEST:m0s001-AI01-Arr       2022-11-18 15:27:27.228555 -2  
IOC_TEST:m0s001-AI01-Arr       2022-11-18 15:27:27.229597 -4  
IOC_TEST:m0s001-AI01-Arr       2022-11-18 15:27:27.230597 -4  
IOC_TEST:m0s001-AI01-Arr       2022-11-18 15:27:27.231561 -2  
IOC_TEST:m0s001-AI01-Arr       2022-11-18 15:27:27.232558 0  
IOC_TEST:m0s001-AI01-Arr       2022-11-18 15:27:27.233557 -4  
IOC_TEST:m0s001-AI01-Arr       2022-11-18 15:27:27.234598 -4  
IOC_TEST:m0s001-AI01-Arr       2022-11-18 15:27:27.235603 -6  
IOC_TEST:m0s001-AI01-Arr       2022-11-18 15:27:27.236561 -3  
IOC_TEST:m0s001-AI01-Arr       2022-11-18 15:27:27.237600 -4  
IOC_TEST:m0s001-AI01-Arr       2022-11-18 15:27:27.238587 -6  
IOC_TEST:m0s001-AI01-Arr       2022-11-18 15:27:27.239552 -2  
IOC_TEST:m0s001-AI01-Arr       2022-11-18 15:27:27.240553 -2  
IOC_TEST:m0s001-AI01-Arr       2022-11-18 15:27:27.241553 0  
IOC_TEST:m0s001-AI01-Arr       2022-11-18 15:27:27.242551 0  
IOC_TEST:m0s001-AI01-Arr       2022-11-18 15:27:27.243553 -3  
IOC_TEST:m0s001-AI01-Arr       2022-11-18 15:27:27.244551 -4  
IOC_TEST:m0s001-AI01-Arr       2022-11-18 15:27:27.245552 -2  
IOC_TEST:m0s001-AI01-Arr       2022-11-18 15:27:27.246600 -2  
IOC_TEST:m0s001-AI01-Arr       2022-11-18 15:27:27.247558 -3  
IOC_TEST:m0s001-AI01-Arr       2022-11-18 15:27:27.248594 -2  
IOC_TEST:m0s001-AI01-Arr       2022-11-18 15:27:27.249556 0  
IOC_TEST:m0s001-AI01-Arr       2022-11-18 15:27:27.250556 -4  
IOC_TEST:m0s001-AI01-Arr       2022-11-18 15:27:27.251554 -3  
IOC_TEST:m0s001-AI01-Arr       2022-11-18 15:27:27.252557 0  
IOC_TEST:m0s001-AI01-Arr       2022-11-18 15:27:27.253554 1  
IOC_TEST:m0s001-AI01-Arr       2022-11-18 15:27:27.254557 -3  
IOC_TEST:m0s001-AI01-Arr       2022-11-18 15:27:27.255556 -3  
IOC_TEST:m0s001-AI01-Arr       2022-11-18 15:27:27.256601 1  
IOC_TEST:m0s001-AI01-Arr       2022-11-18 15:27:27.257561 -2  
IOC_TEST:m0s001-AI01-Arr       2022-11-18 15:27:27.258566 -2  
IOC_TEST:m0s001-AI01-Arr       2022-11-18 15:27:27.259562 -4  
IOC_TEST:m0s001-AI01-Arr       2022-11-18 15:27:27.260557 -2  
IOC_TEST:m0s001-AI01-Arr       2022-11-18 15:27:27.261558 -2  
IOC_TEST:m0s001-AI01-Arr       2022-11-18 15:27:27.262618 -3  
IOC_TEST:m0s001-AI01-Arr       2022-11-18 15:27:27.263604 -6  
IOC_TEST:m0s001-AI01-Arr       2022-11-18 15:27:27.264560 -2  
IOC_TEST:m0s001-AI01-Arr       2022-11-18 15:27:27.265558 -4  
IOC_TEST:m0s001-AI01-Arr       2022-11-18 15:27:27.266596 -2  
IOC_TEST:m0s001-AI01-Arr       2022-11-18 15:27:27.267568 0  
IOC_TEST:m0s001-AI01-Arr       2022-11-18 15:27:27.268574 -7  
IOC_TEST:m0s001-AI01-Arr       2022-11-18 15:27:27.269573 -2  
IOC_TEST:m0s001-AI01-Arr       2022-11-18 15:27:27.270545 -2  
IOC_TEST:m0s001-AI01-Arr       2022-11-18 15:27:27.271553 -2  
IOC_TEST:m0s001-AI01-Arr       2022-11-18 15:27:27.272553 -3  
IOC_TEST:m0s001-AI01-Arr       2022-11-18 15:27:27.273551 1  
IOC_TEST:m0s001-AI01-Arr       2022-11-18 15:27:27.274552 -4  
IOC_TEST:m0s001-AI01-Arr       2022-11-18 15:27:27.275550 -2  
IOC_TEST:m0s001-AI01-Arr       2022-11-18 15:27:27.276552 -4  
IOC_TEST:m0s001-AI01-Arr       2022-11-18 15:27:27.277550 -3  
IOC_TEST:m0s001-AI01-Arr       2022-11-18 15:27:27.278551 0  
IOC_TEST:m0s001-AI01-Arr       2022-11-18 15:27:27.279624 -3  
IOC_TEST:m0s001-AI01-Arr       2022-11-18 15:27:27.280603 -3  
IOC_TEST:m0s001-AI01-Arr       2022-11-18 15:27:27.281598 -6  
IOC_TEST:m0s001-AI01-Arr       2022-11-18 15:27:27.282597 0  
IOC_TEST:m0s001-AI01-Arr       2022-11-18 15:27:27.283607 -2  
IOC_TEST:m0s001-AI01-Arr       2022-11-18 15:27:27.284607 -3  
IOC_TEST:m0s001-AI01-Arr       2022-11-18 15:27:27.285623 -3  
IOC_TEST:m0s001-AI01-Arr       2022-11-18 15:27:27.286550 -4  
IOC_TEST:m0s001-AI01-Arr       2022-11-18 15:27:27.287617 -2  
IOC_TEST:m0s001-AI01-Arr       2022-11-18 15:27:27.288601 -2  
IOC_TEST:m0s001-AI01-Arr       2022-11-18 15:27:27.289607 -3  
IOC_TEST:m0s001-AI01-Arr       2022-11-18 15:27:27.290573 1  
IOC_TEST:m0s001-AI01-Arr       2022-11-18 15:27:27.291555 0  
IOC_TEST:m0s001-AI01-Arr       2022-11-18 15:27:27.292554 -4  
IOC_TEST:m0s001-AI01-Arr       2022-11-18 15:27:27.293555 -2  
IOC_TEST:m0s001-AI01-Arr       2022-11-18 15:27:27.294553 -2  
IOC_TEST:m0s001-AI01-Arr       2022-11-18 15:27:27.295553 -4  
IOC_TEST:m0s001-AI01-Arr       2022-11-18 15:27:27.296539 -3  
IOC_TEST:m0s001-AI01-Arr       2022-11-18 15:27:27.297606 -3  
IOC_TEST:m0s001-AI01-Arr       2022-11-18 15:27:27.298637 1  
IOC_TEST:m0s001-AI01-Arr       2022-11-18 15:27:27.299620 0  
IOC_TEST:m0s001-AI01-Arr       2022-11-18 15:27:27.300619 -4  
IOC_TEST:m0s001-AI01-Arr       2022-11-18 15:27:27.301597 1  
IOC_TEST:m0s001-AI01-Arr       2022-11-18 15:27:27.302594 -3  
IOC_TEST:m0s001-AI01-Arr       2022-11-18 15:27:27.303593 -7  
IOC_TEST:m0s001-AI01-Arr       2022-11-18 15:27:27.304594 -4  
IOC_TEST:m0s001-AI01-Arr       2022-11-18 15:27:27.305593 -7  
IOC_TEST:m0s001-AI01-Arr       2022-11-18 15:27:27.306591 -7  
IOC_TEST:m0s001-AI01-Arr       2022-11-18 15:27:27.307595 -6  
IOC_TEST:m0s001-AI01-Arr       2022-11-18 15:27:27.308574 -4  
IOC_TEST:m0s001-AI01-Arr       2022-11-18 15:27:27.309599 -3  
IOC_TEST:m0s001-AI01-Arr       2022-11-18 15:27:27.310595 -4  
IOC_TEST:m0s001-AI01-Arr       2022-11-18 15:27:27.311602 -6  
IOC_TEST:m0s001-AI01-Arr       2022-11-18 15:27:27.312600 0  
IOC_TEST:m0s001-AI01-Arr       2022-11-18 15:27:27.313597 -3  
IOC_TEST:m0s001-AI01-Arr       2022-11-18 15:27:27.314549 0  
IOC_TEST:m0s001-AI01-Arr       2022-11-18 15:27:27.315545 0  
IOC_TEST:m0s001-AI01-Arr       2022-11-18 15:27:27.316725 -3  
IOC_TEST:m0s001-AI01-Arr       2022-11-18 15:27:27.317611 -2  
IOC_TEST:m0s001-AI01-Arr       2022-11-18 15:27:27.318597 -3  
IOC_TEST:m0s001-AI01-Arr       2022-11-18 15:27:27.319611 0  
IOC_TEST:m0s001-AI01-Arr       2022-11-18 15:27:27.320607 -3  
IOC_TEST:m0s001-AI01-Arr       2022-11-18 15:27:27.321602 -6  
IOC_TEST:m0s001-AI01-Arr       2022-11-18 15:27:27.322624 -4  
IOC_TEST:m0s001-AI01-Arr       2022-11-18 15:27:27.323601 -3  
IOC_TEST:m0s001-AI01-Arr       2022-11-18 15:27:27.324599 -3  
IOC_TEST:m0s001-AI01-Arr       2022-11-18 15:27:27.325597 0  
IOC_TEST:m0s001-AI01-Arr       2022-11-18 15:27:27.326598 -6  
IOC_TEST:m0s001-AI01-Arr       2022-11-18 15:27:27.327599 1  
IOC_TEST:m0s001-AI01-Arr       2022-11-18 15:27:27.328597 -4  
IOC_TEST:m0s001-AI01-Arr       2022-11-18 15:27:27.329598 -7  
IOC_TEST:m0s001-AI01-Arr       2022-11-18 15:27:27.330602 -6  
IOC_TEST:m0s001-AI01-Arr       2022-11-18 15:27:27.331621 -3  
IOC_TEST:m0s001-AI01-Arr       2022-11-18 15:27:27.332631 -3  
IOC_TEST:m0s001-AI01-Arr       2022-11-18 15:27:27.333633 -3  
IOC_TEST:m0s001-AI01-Arr       2022-11-18 15:27:27.334604 -3  
IOC_TEST:m0s001-AI01-Arr       2022-11-18 15:27:27.335603 0  
IOC_TEST:m0s001-AI01-Arr       2022-11-18 15:27:27.336600 0  
IOC_TEST:m0s001-AI01-Arr       2022-11-18 15:27:27.337607 -4  
IOC_TEST:m0s001-AI01-Arr       2022-11-18 15:27:27.338605 -3  
IOC_TEST:m0s001-AI01-Arr       2022-11-18 15:27:27.339585 -3  
IOC_TEST:m0s001-AI01-Arr       2022-11-18 15:27:27.340558 -3  
IOC_TEST:m0s001-AI01-Arr       2022-11-18 15:27:27.341604 0  
IOC_TEST:m0s001-AI01-Arr       2022-11-18 15:27:27.342564 -2  
IOC_TEST:m0s001-AI01-Arr       2022-11-18 15:27:27.343562 -4  
IOC_TEST:m0s001-AI01-Arr       2022-11-18 15:27:27.344551 -2  
IOC_TEST:m0s001-AI01-Arr       2022-11-18 15:27:27.345560 -6  
IOC_TEST:m0s001-AI01-Arr       2022-11-18 15:27:27.346561 -4  
IOC_TEST:m0s001-AI01-Arr       2022-11-18 15:27:27.347558 -4  
IOC_TEST:m0s001-AI01-Arr       2022-11-18 15:27:27.348558 1  
IOC_TEST:m0s001-AI01-Arr       2022-11-18 15:27:27.349559 -7  
IOC_TEST:m0s001-AI01-Arr       2022-11-18 15:27:27.350562 -3  
IOC_TEST:m0s001-AI01-Arr       2022-11-18 15:27:27.351558 0  
IOC_TEST:m0s001-AI01-Arr       2022-11-18 15:27:27.352553 -6  
IOC_TEST:m0s001-AI01-Arr       2022-11-18 15:27:27.353608 -3  
IOC_TEST:m0s001-AI01-Arr       2022-11-18 15:27:27.354561 -2  
IOC_TEST:m0s001-AI01-Arr       2022-11-18 15:27:27.355569 -4  
IOC_TEST:m0s001-AI01-Arr       2022-11-18 15:27:27.356558 0  
IOC_TEST:m0s001-AI01-Arr       2022-11-18 15:27:27.357555 -2  
IOC_TEST:m0s001-AI01-Arr       2022-11-18 15:27:27.358552 -4  
IOC_TEST:m0s001-AI01-Arr       2022-11-18 15:27:27.359552 -4  
IOC_TEST:m0s001-AI01-Arr       2022-11-18 15:27:27.360600 -3  
IOC_TEST:m0s001-AI01-Arr       2022-11-18 15:27:27.361558 0  
IOC_TEST:m0s001-AI01-Arr       2022-11-18 15:27:27.362620 0  
IOC_TEST:m0s001-AI01-Arr       2022-11-18 15:27:27.363601 -2  
IOC_TEST:m0s001-AI01-Arr       2022-11-18 15:27:27.364616 -2  
IOC_TEST:m0s001-AI01-Arr       2022-11-18 15:27:27.365619 -4  
IOC_TEST:m0s001-AI01-Arr       2022-11-18 15:27:27.366603 -3  
IOC_TEST:m0s001-AI01-Arr       2022-11-18 15:27:27.367591 -4  
IOC_TEST:m0s001-AI01-Arr       2022-11-18 15:27:27.368588 -2  
IOC_TEST:m0s001-AI01-Arr       2022-11-18 15:27:27.369595 -4  
IOC_TEST:m0s001-AI01-Arr       2022-11-18 15:27:27.370590 -4  
IOC_TEST:m0s001-AI01-Arr       2022-11-18 15:27:27.371593 -4  
IOC_TEST:m0s001-AI01-Arr       2022-11-18 15:27:27.372606 -3  
IOC_TEST:m0s001-AI01-Arr       2022-11-18 15:27:27.373596 -2  
IOC_TEST:m0s001-AI01-Arr       2022-11-18 15:27:27.374598 -4  
IOC_TEST:m0s001-AI01-Arr       2022-11-18 15:27:27.375596 -4  
IOC_TEST:m0s001-AI01-Arr       2022-11-18 15:27:27.376596 -3  
IOC_TEST:m0s001-AI01-Arr       2022-11-18 15:27:27.377595 -3  
IOC_TEST:m0s001-AI01-Arr       2022-11-18 15:27:27.378595 -3  
IOC_TEST:m0s001-AI01-Arr       2022-11-18 15:27:27.379597 -3  
IOC_TEST:m0s001-AI01-Arr       2022-11-18 15:27:27.380597 -7  
IOC_TEST:m0s001-AI01-Arr       2022-11-18 15:27:27.381598 -2  
IOC_TEST:m0s001-AI01-Arr       2022-11-18 15:27:27.382597 -7  
IOC_TEST:m0s001-AI01-Arr       2022-11-18 15:27:27.383598 -3  
IOC_TEST:m0s001-AI01-Arr       2022-11-18 15:27:27.384601 -3  
IOC_TEST:m0s001-AI01-Arr       2022-11-18 15:27:27.385636 -6  
IOC_TEST:m0s001-AI01-Arr       2022-11-18 15:27:27.386603 -2  
IOC_TEST:m0s001-AI01-Arr       2022-11-18 15:27:27.387623 -6  
IOC_TEST:m0s001-AI01-Arr       2022-11-18 15:27:27.388597 -3  
IOC_TEST:m0s001-AI01-Arr       2022-11-18 15:27:27.389654 -6  
IOC_TEST:m0s001-AI01-Arr       2022-11-18 15:27:27.390604 -2  
IOC_TEST:m0s001-AI01-Arr       2022-11-18 15:27:27.391600 -4  
IOC_TEST:m0s001-AI01-Arr       2022-11-18 15:27:27.392599 -8  
IOC_TEST:m0s001-AI01-Arr       2022-11-18 15:27:27.393594 -6  
IOC_TEST:m0s001-AI01-Arr       2022-11-18 15:27:27.394574 -2  
IOC_TEST:m0s001-AI01-Arr       2022-11-18 15:27:27.395592 -4  
IOC_TEST:m0s001-AI01-Arr       2022-11-18 15:27:27.396608 -3  
IOC_TEST:m0s001-AI01-Arr       2022-11-18 15:27:27.397613 -3  
IOC_TEST:m0s001-AI01-Arr       2022-11-18 15:27:27.398694 -3  
IOC_TEST:m0s001-AI01-Arr       2022-11-18 15:27:27.399600 -3  
IOC_TEST:m0s001-AI01-Arr       2022-11-18 15:27:27.400597 -2  
IOC_TEST:m0s001-AI01-Arr       2022-11-18 15:27:27.401596 -3  
IOC_TEST:m0s001-AI01-Arr       2022-11-18 15:27:27.402596 -2  
IOC_TEST:m0s001-AI01-Arr       2022-11-18 15:27:27.403595 -4  
IOC_TEST:m0s001-AI01-Arr       2022-11-18 15:27:27.404596 -3  
IOC_TEST:m0s001-AI01-Arr       2022-11-18 15:27:27.405597 -4  
IOC_TEST:m0s001-AI01-Arr       2022-11-18 15:27:27.406595 -6  
IOC_TEST:m0s001-AI01-Arr       2022-11-18 15:27:27.407595 -4  
IOC_TEST:m0s001-AI01-Arr       2022-11-18 15:27:27.408591 -3  
IOC_TEST:m0s001-AI01-Arr       2022-11-18 15:27:27.409593 0  
IOC_TEST:m0s001-AI01-Arr       2022-11-18 15:27:27.410591 -4  
IOC_TEST:m0s001-AI01-Arr       2022-11-18 15:27:27.411592 -3  
IOC_TEST:m0s001-AI01-Arr       2022-11-18 15:27:27.412588 -3  
IOC_TEST:m0s001-AI01-Arr       2022-11-18 15:27:27.413599 0  
IOC_TEST:m0s001-AI01-Arr       2022-11-18 15:27:27.414597 -2  
IOC_TEST:m0s001-AI01-Arr       2022-11-18 15:27:27.415613 -4  
IOC_TEST:m0s001-AI01-Arr       2022-11-18 15:27:27.416599 -2  
IOC_TEST:m0s001-AI01-Arr       2022-11-18 15:27:27.417772 -3  
IOC_TEST:m0s001-AI01-Arr       2022-11-18 15:27:27.418549 -4  
IOC_TEST:m0s001-AI01-Arr       2022-11-18 15:27:27.419557 -2  
IOC_TEST:m0s001-AI01-Arr       2022-11-18 15:27:27.420600 -6  
IOC_TEST:m0s001-AI01-Arr       2022-11-18 15:27:27.421555 -6  
IOC_TEST:m0s001-AI01-Arr       2022-11-18 15:27:27.422554 -4  
IOC_TEST:m0s001-AI01-Arr       2022-11-18 15:27:27.423554 -3  
IOC_TEST:m0s001-AI01-Arr       2022-11-18 15:27:27.424627 -4  
IOC_TEST:m0s001-AI01-Arr       2022-11-18 15:27:27.425622 -3  
IOC_TEST:m0s001-AI01-Arr       2022-11-18 15:27:27.426607 -4  
IOC_TEST:m0s001-AI01-Arr       2022-11-18 15:27:27.427669 -3  
IOC_TEST:m0s001-AI01-Arr       2022-11-18 15:27:27.428632 -3  
IOC_TEST:m0s001-AI01-Arr       2022-11-18 15:27:27.429633 -2  
IOC_TEST:m0s001-AI01-Arr       2022-11-18 15:27:27.430666 -4  
IOC_TEST:m0s001-AI01-Arr       2022-11-18 15:27:27.431607 -4  
IOC_TEST:m0s001-AI01-Arr       2022-11-18 15:27:27.432568 -4  
IOC_TEST:m0s001-AI01-Arr       2022-11-18 15:27:27.433599 -4  
IOC_TEST:m0s001-AI01-Arr       2022-11-18 15:27:27.434569 -3  
IOC_TEST:m0s001-AI01-Arr       2022-11-18 15:27:27.435596 -3  
IOC_TEST:m0s001-AI01-Arr       2022-11-18 15:27:27.436578 -2  
IOC_TEST:m0s001-AI01-Arr       2022-11-18 15:27:27.437600 -2  
IOC_TEST:m0s001-AI01-Arr       2022-11-18 15:27:27.438608 -4  
IOC_TEST:m0s001-AI01-Arr       2022-11-18 15:27:27.439559 -3  
IOC_TEST:m0s001-AI01-Arr       2022-11-18 15:27:27.440599 -3  
IOC_TEST:m0s001-AI01-Arr       2022-11-18 15:27:27.441597 -4  
IOC_TEST:m0s001-AI01-Arr       2022-11-18 15:27:27.442569 -3  
IOC_TEST:m0s001-AI01-Arr       2022-11-18 15:27:27.443603 -3  
IOC_TEST:m0s001-AI01-Arr       2022-11-18 15:27:27.444553 -4  
IOC_TEST:m0s001-AI01-Arr       2022-11-18 15:27:27.445569 -6  
IOC_TEST:m0s001-AI01-Arr       2022-11-18 15:27:27.446562 -4  
IOC_TEST:m0s001-AI01-Arr       2022-11-18 15:27:27.447626 -6  
IOC_TEST:m0s001-AI01-Arr       2022-11-18 15:27:27.448593 -2  
IOC_TEST:m0s001-AI01-Arr       2022-11-18 15:27:27.449624 -4  
IOC_TEST:m0s001-AI01-Arr       2022-11-18 15:27:27.450632 -6  
IOC_TEST:m0s001-AI01-Arr       2022-11-18 15:27:27.451606 -3  
IOC_TEST:m0s001-AI01-Arr       2022-11-18 15:27:27.452619 -4  
IOC_TEST:m0s001-AI01-Arr       2022-11-18 15:27:27.453599 -3  
IOC_TEST:m0s001-AI01-Arr       2022-11-18 15:27:27.454598 -4  
IOC_TEST:m0s001-AI01-Arr       2022-11-18 15:27:27.455570 -6  
IOC_TEST:m0s001-AI01-Arr       2022-11-18 15:27:27.456573 -4  
IOC_TEST:m0s001-AI01-Arr       2022-11-18 15:27:27.457573 -6  
IOC_TEST:m0s001-AI01-Arr       2022-11-18 15:27:27.458571 -6  
IOC_TEST:m0s001-AI01-Arr       2022-11-18 15:27:27.459592 -6  
IOC_TEST:m0s001-AI01-Arr       2022-11-18 15:27:27.460589 -4  
IOC_TEST:m0s001-AI01-Arr       2022-11-18 15:27:27.461583 -4  
IOC_TEST:m0s001-AI01-Arr       2022-11-18 15:27:27.462683 -4  
IOC_TEST:m0s001-AI01-Arr       2022-11-18 15:27:27.463642 -4  
IOC_TEST:m0s001-AI01-Arr       2022-11-18 15:27:27.464576 -8  
IOC_TEST:m0s001-AI01-Arr       2022-11-18 15:27:27.465563 -3  
IOC_TEST:m0s001-AI01-Arr       2022-11-18 15:27:27.466605 -3  
IOC_TEST:m0s001-AI01-Arr       2022-11-18 15:27:27.467596 -6  
IOC_TEST:m0s001-AI01-Arr       2022-11-18 15:27:27.468592 -4  
IOC_TEST:m0s001-AI01-Arr       2022-11-18 15:27:27.469593 -3  
IOC_TEST:m0s001-AI01-Arr       2022-11-18 15:27:27.470590 -3  
IOC_TEST:m0s001-AI01-Arr       2022-11-18 15:27:27.471595 -6  
IOC_TEST:m0s001-AI01-Arr       2022-11-18 15:27:27.472571 -3  
IOC_TEST:m0s001-AI01-Arr       2022-11-18 15:27:27.473592 -3  
IOC_TEST:m0s001-AI01-Arr       2022-11-18 15:27:27.474591 0  
IOC_TEST:m0s001-AI01-Arr       2022-11-18 15:27:27.475590 -3  
IOC_TEST:m0s001-AI01-Arr       2022-11-18 15:27:27.476591 -3  
IOC_TEST:m0s001-AI01-Arr       2022-11-18 15:27:27.477596 -2  
IOC_TEST:m0s001-AI01-Arr       2022-11-18 15:27:27.478590 -4  
IOC_TEST:m0s001-AI01-Arr       2022-11-18 15:27:27.479598 -4  
IOC_TEST:m0s001-AI01-Arr       2022-11-18 15:27:27.480711 -4  
IOC_TEST:m0s001-AI01-Arr       2022-11-18 15:27:27.481635 -3  
IOC_TEST:m0s001-AI01-Arr       2022-11-18 15:27:27.482696 0  
IOC_TEST:m0s001-AI01-Arr       2022-11-18 15:27:27.483605 -3  
IOC_TEST:m0s001-AI01-Arr       2022-11-18 15:27:27.484599 -3  
IOC_TEST:m0s001-AI01-Arr       2022-11-18 15:27:27.485635 -2  
IOC_TEST:m0s001-AI01-Arr       2022-11-18 15:27:27.486647 2  
IOC_TEST:m0s001-AI01-Arr       2022-11-18 15:27:27.487719 -2  
IOC_TEST:m0s001-AI01-Arr       2022-11-18 15:27:27.488689 -2  
IOC_TEST:m0s001-AI01-Arr       2022-11-18 15:27:27.489644 0  
IOC_TEST:m0s001-AI01-Arr       2022-11-18 15:27:27.490583 2  
IOC_TEST:m0s001-AI01-Arr       2022-11-18 15:27:27.491657 1  
IOC_TEST:m0s001-AI01-Arr       2022-11-18 15:27:27.492573 0  
IOC_TEST:m0s001-AI01-Arr       2022-11-18 15:27:27.493554 0  
IOC_TEST:m0s001-AI01-Arr       2022-11-18 15:27:27.494579 1  
IOC_TEST:m0s001-AI01-Arr       2022-11-18 15:27:27.495679 1  
IOC_TEST:m0s001-AI01-Arr       2022-11-18 15:27:27.496565 -2  
IOC_TEST:m0s001-AI01-Arr       2022-11-18 15:27:27.497561 -2  
IOC_TEST:m0s001-AI01-Arr       2022-11-18 15:27:27.498597 -3  
IOC_TEST:m0s001-AI01-Arr       2022-11-18 15:27:27.499560 1  
IOC_TEST:m0s001-AI01-Arr       2022-11-18 15:27:27.500579 -2  
IOC_TEST:m0s001-AI01-Arr       2022-11-18 15:27:27.501600 -3  
IOC_TEST:m0s001-AI01-Arr       2022-11-18 15:27:27.502600 -3  
IOC_TEST:m0s001-AI01-Arr       2022-11-18 15:27:27.503598 -3  
IOC_TEST:m0s001-AI01-Arr       2022-11-18 15:27:27.504556 -3  
IOC_TEST:m0s001-AI01-Arr       2022-11-18 15:27:27.505558 -2  
IOC_TEST:m0s001-AI01-Arr       2022-11-18 15:27:27.506557 -3  
IOC_TEST:m0s001-AI01-Arr       2022-11-18 15:27:27.507559 -4  
IOC_TEST:m0s001-AI01-Arr       2022-11-18 15:27:27.508558 -4  
IOC_TEST:m0s001-AI01-Arr       2022-11-18 15:27:27.509559 -4  
IOC_TEST:m0s001-AI01-Arr       2022-11-18 15:27:27.510558 -6  
IOC_TEST:m0s001-AI01-Arr       2022-11-18 15:27:27.511560 -3  
IOC_TEST:m0s001-AI01-Arr       2022-11-18 15:27:27.512586 0  
IOC_TEST:m0s001-AI01-Arr       2022-11-18 15:27:27.513563 -3  
IOC_TEST:m0s001-AI01-Arr       2022-11-18 15:27:27.514557 -3  
IOC_TEST:m0s001-AI01-Arr       2022-11-18 15:27:27.515558 -2  
IOC_TEST:m0s001-AI01-Arr       2022-11-18 15:27:27.516559 -3  
IOC_TEST:m0s001-AI01-Arr       2022-11-18 15:27:27.517558 -3  
IOC_TEST:m0s001-AI01-Arr       2022-11-18 15:27:27.518742 -2  
IOC_TEST:m0s001-AI01-Arr       2022-11-18 15:27:27.519545 -4  
IOC_TEST:m0s001-AI01-Arr       2022-11-18 15:27:27.520555 -3  
IOC_TEST:m0s001-AI01-Arr       2022-11-18 15:27:27.521554 -4  
IOC_TEST:m0s001-AI01-Arr       2022-11-18 15:27:27.522551 -4  
IOC_TEST:m0s001-AI01-Arr       2022-11-18 15:27:27.523552 -6  
IOC_TEST:m0s001-AI01-Arr       2022-11-18 15:27:27.524552 -4  
IOC_TEST:m0s001-AI01-Arr       2022-11-18 15:27:27.525553 0  
IOC_TEST:m0s001-AI01-Arr       2022-11-18 15:27:27.526541 -2  
IOC_TEST:m0s001-AI01-Arr       2022-11-18 15:27:27.527575 -7  
IOC_TEST:m0s001-AI01-Arr       2022-11-18 15:27:27.528595 0  
IOC_TEST:m0s001-AI01-Arr       2022-11-18 15:27:27.529559 -2  
IOC_TEST:m0s001-AI01-Arr       2022-11-18 15:27:27.530555 -6  
IOC_TEST:m0s001-AI01-Arr       2022-11-18 15:27:27.531541 0  
IOC_TEST:m0s001-AI01-Arr       2022-11-18 15:27:27.532540 -4  
IOC_TEST:m0s001-AI01-Arr       2022-11-18 15:27:27.533539 -3  
IOC_TEST:m0s001-AI01-Arr       2022-11-18 15:27:27.534540 -4  
IOC_TEST:m0s001-AI01-Arr       2022-11-18 15:27:27.535540 -2  
IOC_TEST:m0s001-AI01-Arr       2022-11-18 15:27:27.536539 -4  
IOC_TEST:m0s001-AI01-Arr       2022-11-18 15:27:27.537540 -4  
IOC_TEST:m0s001-AI01-Arr       2022-11-18 15:27:27.538539 -3  
IOC_TEST:m0s001-AI01-Arr       2022-11-18 15:27:27.539539 0  
IOC_TEST:m0s001-AI01-Arr       2022-11-18 15:27:27.540539 -4  
IOC_TEST:m0s001-AI01-Arr       2022-11-18 15:27:27.541539 -4  
IOC_TEST:m0s001-AI01-Arr       2022-11-18 15:27:27.542539 -3  
IOC_TEST:m0s001-AI01-Arr       2022-11-18 15:27:27.543539 0  
IOC_TEST:m0s001-AI01-Arr       2022-11-18 15:27:27.544547 -6  
IOC_TEST:m0s001-AI01-Arr       2022-11-18 15:27:27.545552 -3  
IOC_TEST:m0s001-AI01-Arr       2022-11-18 15:27:27.546558 -3  
IOC_TEST:m0s001-AI01-Arr       2022-11-18 15:27:27.547605 -6  
IOC_TEST:m0s001-AI01-Arr       2022-11-18 15:27:27.548564 -6  
IOC_TEST:m0s001-AI01-Arr       2022-11-18 15:27:27.549559 -2  
IOC_TEST:m0s001-AI01-Arr       2022-11-18 15:27:27.550601 -4  
IOC_TEST:m0s001-AI01-Arr       2022-11-18 15:27:27.551559 -3  
IOC_TEST:m0s001-AI01-Arr       2022-11-18 15:27:27.552549 -2  
IOC_TEST:m0s001-AI01-Arr       2022-11-18 15:27:27.553540 -6  
IOC_TEST:m0s001-AI01-Arr       2022-11-18 15:27:27.554539 -3  
IOC_TEST:m0s001-AI01-Arr       2022-11-18 15:27:27.555536 -2  
IOC_TEST:m0s001-AI01-Arr       2022-11-18 15:27:27.556538 0  
IOC_TEST:m0s001-AI01-Arr       2022-11-18 15:27:27.557541 -2  
IOC_TEST:m0s001-AI01-Arr       2022-11-18 15:27:27.558539 -4  
IOC_TEST:m0s001-AI01-Arr       2022-11-18 15:27:27.559554 -4  
IOC_TEST:m0s001-AI01-Arr       2022-11-18 15:27:27.560575 -4  
IOC_TEST:m0s001-AI01-Arr       2022-11-18 15:27:27.561579 -3  
IOC_TEST:m0s001-AI01-Arr       2022-11-18 15:27:27.562626 -4  
IOC_TEST:m0s001-AI01-Arr       2022-11-18 15:27:27.563554 -3  
IOC_TEST:m0s001-AI01-Arr       2022-11-18 15:27:27.564638 -6  
IOC_TEST:m0s001-AI01-Arr       2022-11-18 15:27:27.565641 -2  
IOC_TEST:m0s001-AI01-Arr       2022-11-18 15:27:27.566540 -3  
IOC_TEST:m0s001-AI01-Arr       2022-11-18 15:27:27.567539 0  
IOC_TEST:m0s001-AI01-Arr       2022-11-18 15:27:27.568573 -6  
IOC_TEST:m0s001-AI01-Arr       2022-11-18 15:27:27.569569 -4  
IOC_TEST:m0s001-AI01-Arr       2022-11-18 15:27:27.570626 -6  
IOC_TEST:m0s001-AI01-Arr       2022-11-18 15:27:27.571568 -3  
IOC_TEST:m0s001-AI01-Arr       2022-11-18 15:27:27.572552 -2  
IOC_TEST:m0s001-AI01-Arr       2022-11-18 15:27:27.573551 -3  
IOC_TEST:m0s001-AI01-Arr       2022-11-18 15:27:27.574551 -3  
IOC_TEST:m0s001-AI01-Arr       2022-11-18 15:27:27.575552 -4  
IOC_TEST:m0s001-AI01-Arr       2022-11-18 15:27:27.576551 -4  
IOC_TEST:m0s001-AI01-Arr       2022-11-18 15:27:27.577549 -3  
IOC_TEST:m0s001-AI01-Arr       2022-11-18 15:27:27.578550 -4  
IOC_TEST:m0s001-AI01-Arr       2022-11-18 15:27:27.579626 -4  
IOC_TEST:m0s001-AI01-Arr       2022-11-18 15:27:27.580656 -3  
IOC_TEST:m0s001-AI01-Arr       2022-11-18 15:27:27.581556 -2  
IOC_TEST:m0s001-AI01-Arr       2022-11-18 15:27:27.582602 1  
IOC_TEST:m0s001-AI01-Arr       2022-11-18 15:27:27.583603 -4  
IOC_TEST:m0s001-AI01-Arr       2022-11-18 15:27:27.584600 -4  
IOC_TEST:m0s001-AI01-Arr       2022-11-18 15:27:27.585557 -3  
IOC_TEST:m0s001-AI01-Arr       2022-11-18 15:27:27.586558 -3  
IOC_TEST:m0s001-AI01-Arr       2022-11-18 15:27:27.587555 -6  
IOC_TEST:m0s001-AI01-Arr       2022-11-18 15:27:27.588632 -2  
IOC_TEST:m0s001-AI01-Arr       2022-11-18 15:27:27.589619 -4  
IOC_TEST:m0s001-AI01-Arr       2022-11-18 15:27:27.590609 -6  
IOC_TEST:m0s001-AI01-Arr       2022-11-18 15:27:27.591603 0  
IOC_TEST:m0s001-AI01-Arr       2022-11-18 15:27:27.592610 -4  
IOC_TEST:m0s001-AI01-Arr       2022-11-18 15:27:27.593651 -4  
IOC_TEST:m0s001-AI01-Arr       2022-11-18 15:27:27.594655 0  
IOC_TEST:m0s001-AI01-Arr       2022-11-18 15:27:27.595607 -3  
IOC_TEST:m0s001-AI01-Arr       2022-11-18 15:27:27.596602 -3  
IOC_TEST:m0s001-AI01-Arr       2022-11-18 15:27:27.597605 -4  
IOC_TEST:m0s001-AI01-Arr       2022-11-18 15:27:27.598564 -2  
IOC_TEST:m0s001-AI01-Arr       2022-11-18 15:27:27.599619 -4  
IOC_TEST:m0s001-AI01-Arr       2022-11-18 15:27:27.600716 -3  
IOC_TEST:m0s001-AI01-Arr       2022-11-18 15:27:27.601616 -3  
IOC_TEST:m0s001-AI01-Arr       2022-11-18 15:27:27.602600 -4  
IOC_TEST:m0s001-AI01-Arr       2022-11-18 15:27:27.603600 -4  
IOC_TEST:m0s001-AI01-Arr       2022-11-18 15:27:27.604576 0  
IOC_TEST:m0s001-AI01-Arr       2022-11-18 15:27:27.605594 -3  
IOC_TEST:m0s001-AI01-Arr       2022-11-18 15:27:27.606594 -3  
IOC_TEST:m0s001-AI01-Arr       2022-11-18 15:27:27.607592 0  
IOC_TEST:m0s001-AI01-Arr       2022-11-18 15:27:27.608574 0  
IOC_TEST:m0s001-AI01-Arr       2022-11-18 15:27:27.609629 -2  
IOC_TEST:m0s001-AI01-Arr       2022-11-18 15:27:27.610567 -4  
IOC_TEST:m0s001-AI01-Arr       2022-11-18 15:27:27.611563 -6  
IOC_TEST:m0s001-AI01-Arr       2022-11-18 15:27:27.612543 -2  
IOC_TEST:m0s001-AI01-Arr       2022-11-18 15:27:27.613615 -7  
IOC_TEST:m0s001-AI01-Arr       2022-11-18 15:27:27.614604 -3  
IOC_TEST:m0s001-AI01-Arr       2022-11-18 15:27:27.615601 -4  
IOC_TEST:m0s001-AI01-Arr       2022-11-18 15:27:27.616613 -3  
IOC_TEST:m0s001-AI01-Arr       2022-11-18 15:27:27.617600 0  
IOC_TEST:m0s001-AI01-Arr       2022-11-18 15:27:27.618598 -3  
IOC_TEST:m0s001-AI01-Arr       2022-11-18 15:27:27.619763 -3  
IOC_TEST:m0s001-AI01-Arr       2022-11-18 15:27:27.620551 -2  
IOC_TEST:m0s001-AI01-Arr       2022-11-18 15:27:27.621554 -3  
IOC_TEST:m0s001-AI01-Arr       2022-11-18 15:27:27.622546 -4  
IOC_TEST:m0s001-AI01-Arr       2022-11-18 15:27:27.623545 -4  
IOC_TEST:m0s001-AI01-Arr       2022-11-18 15:27:27.624545 0  
IOC_TEST:m0s001-AI01-Arr       2022-11-18 15:27:27.625610 -2  
IOC_TEST:m0s001-AI01-Arr       2022-11-18 15:27:27.626613 -3  
IOC_TEST:m0s001-AI01-Arr       2022-11-18 15:27:27.627600 -6  
IOC_TEST:m0s001-AI01-Arr       2022-11-18 15:27:27.628593 -2  
IOC_TEST:m0s001-AI01-Arr       2022-11-18 15:27:27.629590 -3  
IOC_TEST:m0s001-AI01-Arr       2022-11-18 15:27:27.630594 0  
IOC_TEST:m0s001-AI01-Arr       2022-11-18 15:27:27.631597 0  
IOC_TEST:m0s001-AI01-Arr       2022-11-18 15:27:27.632560 0  
IOC_TEST:m0s001-AI01-Arr       2022-11-18 15:27:27.633560 -2  
IOC_TEST:m0s001-AI01-Arr       2022-11-18 15:27:27.634557 0  
IOC_TEST:m0s001-AI01-Arr       2022-11-18 15:27:27.635559 -2  
IOC_TEST:m0s001-AI01-Arr       2022-11-18 15:27:27.636557 -4  
IOC_TEST:m0s001-AI01-Arr       2022-11-18 15:27:27.637557 -4  
IOC_TEST:m0s001-AI01-Arr       2022-11-18 15:27:27.638596 -2  
IOC_TEST:m0s001-AI01-Arr       2022-11-18 15:27:27.639597 -6  
IOC_TEST:m0s001-AI01-Arr       2022-11-18 15:27:27.640598 -3  
IOC_TEST:m0s001-AI01-Arr       2022-11-18 15:27:27.641561 -2  
IOC_TEST:m0s001-AI01-Arr       2022-11-18 15:27:27.642562 -4  
IOC_TEST:m0s001-AI01-Arr       2022-11-18 15:27:27.643591 -3  
IOC_TEST:m0s001-AI01-Arr       2022-11-18 15:27:27.644595 0  
IOC_TEST:m0s001-AI01-Arr       2022-11-18 15:27:27.645592 -3  
IOC_TEST:m0s001-AI01-Arr       2022-11-18 15:27:27.646598 -2  
IOC_TEST:m0s001-AI01-Arr       2022-11-18 15:27:27.647595 -2  
IOC_TEST:m0s001-AI01-Arr       2022-11-18 15:27:27.648574 -3  
IOC_TEST:m0s001-AI01-Arr       2022-11-18 15:27:27.649603 -3  
IOC_TEST:m0s001-AI01-Arr       2022-11-18 15:27:27.650594 -2  
IOC_TEST:m0s001-AI01-Arr       2022-11-18 15:27:27.651592 1  
IOC_TEST:m0s001-AI01-Arr       2022-11-18 15:27:27.652598 -4  
IOC_TEST:m0s001-AI01-Arr       2022-11-18 15:27:27.653590 -3  
IOC_TEST:m0s001-AI01-Arr       2022-11-18 15:27:27.654596 -3  
IOC_TEST:m0s001-AI01-Arr       2022-11-18 15:27:27.655590 -2  
IOC_TEST:m0s001-AI01-Arr       2022-11-18 15:27:27.656591 -2  
IOC_TEST:m0s001-AI01-Arr       2022-11-18 15:27:27.657586 -4  
IOC_TEST:m0s001-AI01-Arr       2022-11-18 15:27:27.658606 0  
IOC_TEST:m0s001-AI01-Arr       2022-11-18 15:27:27.659617 -4  
IOC_TEST:m0s001-AI01-Arr       2022-11-18 15:27:27.660595 -2  
IOC_TEST:m0s001-AI01-Arr       2022-11-18 15:27:27.661590 -2  
IOC_TEST:m0s001-AI01-Arr       2022-11-18 15:27:27.662657 -3  
IOC_TEST:m0s001-AI01-Arr       2022-11-18 15:27:27.663598 -2  
IOC_TEST:m0s001-AI01-Arr       2022-11-18 15:27:27.664601 -4  
IOC_TEST:m0s001-AI01-Arr       2022-11-18 15:27:27.665597 -8  
IOC_TEST:m0s001-AI01-Arr       2022-11-18 15:27:27.666598 -2  
IOC_TEST:m0s001-AI01-Arr       2022-11-18 15:27:27.667595 -4  
IOC_TEST:m0s001-AI01-Arr       2022-11-18 15:27:27.668596 -4  
IOC_TEST:m0s001-AI01-Arr       2022-11-18 15:27:27.669595 -3  
IOC_TEST:m0s001-AI01-Arr       2022-11-18 15:27:27.670597 -4  
IOC_TEST:m0s001-AI01-Arr       2022-11-18 15:27:27.671596 -7  
IOC_TEST:m0s001-AI01-Arr       2022-11-18 15:27:27.672597 -4  
IOC_TEST:m0s001-AI01-Arr       2022-11-18 15:27:27.673616 1  
IOC_TEST:m0s001-AI01-Arr       2022-11-18 15:27:27.674602 -3  
IOC_TEST:m0s001-AI01-Arr       2022-11-18 15:27:27.675604 -2  
IOC_TEST:m0s001-AI01-Arr       2022-11-18 15:27:27.676626 -3  
IOC_TEST:m0s001-AI01-Arr       2022-11-18 15:27:27.677623 -2  
IOC_TEST:m0s001-AI01-Arr       2022-11-18 15:27:27.678617 -2  
IOC_TEST:m0s001-AI01-Arr       2022-11-18 15:27:27.679613 0  
IOC_TEST:m0s001-AI01-Arr       2022-11-18 15:27:27.680563 -3  
IOC_TEST:m0s001-AI01-Arr       2022-11-18 15:27:27.681564 -2  
IOC_TEST:m0s001-AI01-Arr       2022-11-18 15:27:27.682571 -2  
IOC_TEST:m0s001-AI01-Arr       2022-11-18 15:27:27.683557 -6  
IOC_TEST:m0s001-AI01-Arr       2022-11-18 15:27:27.684600 1  
IOC_TEST:m0s001-AI01-Arr       2022-11-18 15:27:27.685559 0  
IOC_TEST:m0s001-AI01-Arr       2022-11-18 15:27:27.686562 -2  
IOC_TEST:m0s001-AI01-Arr       2022-11-18 15:27:27.687558 -3  
IOC_TEST:m0s001-AI01-Arr       2022-11-18 15:27:27.688554 -7  
IOC_TEST:m0s001-AI01-Arr       2022-11-18 15:27:27.689556 -4  
IOC_TEST:m0s001-AI01-Arr       2022-11-18 15:27:27.690605 -3  
IOC_TEST:m0s001-AI01-Arr       2022-11-18 15:27:27.691615 -3  
IOC_TEST:m0s001-AI01-Arr       2022-11-18 15:27:27.692622 -3  
IOC_TEST:m0s001-AI01-Arr       2022-11-18 15:27:27.693603 -3  
IOC_TEST:m0s001-AI01-Arr       2022-11-18 15:27:27.694593 -4  
IOC_TEST:m0s001-AI01-Arr       2022-11-18 15:27:27.695592 -4  
IOC_TEST:m0s001-AI01-Arr       2022-11-18 15:27:27.696595 -3  
IOC_TEST:m0s001-AI01-Arr       2022-11-18 15:27:27.697590 -3  
IOC_TEST:m0s001-AI01-Arr       2022-11-18 15:27:27.698571 -4  
IOC_TEST:m0s001-AI01-Arr       2022-11-18 15:27:27.699595 -3  
IOC_TEST:m0s001-AI01-Arr       2022-11-18 15:27:27.700601 -4  
IOC_TEST:m0s001-AI01-Arr       2022-11-18 15:27:27.701598 -4  
IOC_TEST:m0s001-AI01-Arr       2022-11-18 15:27:27.702597 -4  
IOC_TEST:m0s001-AI01-Arr       2022-11-18 15:27:27.703597 -3  
IOC_TEST:m0s001-AI01-Arr       2022-11-18 15:27:27.704597 1  
IOC_TEST:m0s001-AI01-Arr       2022-11-18 15:27:27.705598 -4  
IOC_TEST:m0s001-AI01-Arr       2022-11-18 15:27:27.706597 -7  
IOC_TEST:m0s001-AI01-Arr       2022-11-18 15:27:27.707592 -3  
IOC_TEST:m0s001-AI01-Arr       2022-11-18 15:27:27.708592 -3  
IOC_TEST:m0s001-AI01-Arr       2022-11-18 15:27:27.709686 -4  
IOC_TEST:m0s001-AI01-Arr       2022-11-18 15:27:27.710567 -4  
IOC_TEST:m0s001-AI01-Arr       2022-11-18 15:27:27.711604 -4  
IOC_TEST:m0s001-AI01-Arr       2022-11-18 15:27:27.713239 -4  
IOC_TEST:m0s001-AI01-Arr       2022-11-18 15:27:27.713642 -3  
IOC_TEST:m0s001-AI01-Arr       2022-11-18 15:27:27.714674 -6  
IOC_TEST:m0s001-AI01-Arr       2022-11-18 15:27:27.715641 -3  
IOC_TEST:m0s001-AI01-Arr       2022-11-18 15:27:27.716587 -2  
IOC_TEST:m0s001-AI01-Arr       2022-11-18 15:27:27.717581 -6  
IOC_TEST:m0s001-AI01-Arr       2022-11-18 15:27:27.718584 -2  
IOC_TEST:m0s001-AI01-Arr       2022-11-18 15:27:27.719613 -3  
IOC_TEST:m0s001-AI01-Arr       2022-11-18 15:27:27.720777 -2  
IOC_TEST:m0s001-AI01-Arr       2022-11-18 15:27:27.721550 -2  
IOC_TEST:m0s001-AI01-Arr       2022-11-18 15:27:27.722604 0  
IOC_TEST:m0s001-AI01-Arr       2022-11-18 15:27:27.723582 -4  
IOC_TEST:m0s001-AI01-Arr       2022-11-18 15:27:27.724594 -3  
IOC_TEST:m0s001-AI01-Arr       2022-11-18 15:27:27.725564 1  
IOC_TEST:m0s001-AI01-Arr       2022-11-18 15:27:27.726609 -8  
IOC_TEST:m0s001-AI01-Arr       2022-11-18 15:27:27.727559 -4  
IOC_TEST:m0s001-AI01-Arr       2022-11-18 15:27:27.728558 -2  
IOC_TEST:m0s001-AI01-Arr       2022-11-18 15:27:27.729622 -3  
IOC_TEST:m0s001-AI01-Arr       2022-11-18 15:27:27.730676 -3  
IOC_TEST:m0s001-AI01-Arr       2022-11-18 15:27:27.731623 1  
IOC_TEST:m0s001-AI01-Arr       2022-11-18 15:27:27.732550 -2  
IOC_TEST:m0s001-AI01-Arr       2022-11-18 15:27:27.733595 -3  
IOC_TEST:m0s001-AI01-Arr       2022-11-18 15:27:27.734598 -2  
IOC_TEST:m0s001-AI01-Arr       2022-11-18 15:27:27.735560 0  
IOC_TEST:m0s001-AI01-Arr       2022-11-18 15:27:27.736597 -2  
IOC_TEST:m0s001-AI01-Arr       2022-11-18 15:27:27.737562 -4  
IOC_TEST:m0s001-AI01-Arr       2022-11-18 15:27:27.738597 -3  
IOC_TEST:m0s001-AI01-Arr       2022-11-18 15:27:27.739590 -2  
IOC_TEST:m0s001-AI01-Arr       2022-11-18 15:27:27.740591 -7  
IOC_TEST:m0s001-AI01-Arr       2022-11-18 15:27:27.741556 -4  
IOC_TEST:m0s001-AI01-Arr       2022-11-18 15:27:27.742567 -3  
IOC_TEST:m0s001-AI01-Arr       2022-11-18 15:27:27.743551 -7  
IOC_TEST:m0s001-AI01-Arr       2022-11-18 15:27:27.744547 -2  
IOC_TEST:m0s001-AI01-Arr       2022-11-18 15:27:27.745602 -3  
IOC_TEST:m0s001-AI01-Arr       2022-11-18 15:27:27.746595 -4  
IOC_TEST:m0s001-AI01-Arr       2022-11-18 15:27:27.747608 -6  
IOC_TEST:m0s001-AI01-Arr       2022-11-18 15:27:27.748614 -3  
IOC_TEST:m0s001-AI01-Arr       2022-11-18 15:27:27.749598 -3  
IOC_TEST:m0s001-AI01-Arr       2022-11-18 15:27:27.750595 -6  
IOC_TEST:m0s001-AI01-Arr       2022-11-18 15:27:27.751576 -3  
IOC_TEST:m0s001-AI01-Arr       2022-11-18 15:27:27.752594 0  
IOC_TEST:m0s001-AI01-Arr       2022-11-18 15:27:27.753576 -4  
IOC_TEST:m0s001-AI01-Arr       2022-11-18 15:27:27.754594 -3  
IOC_TEST:m0s001-AI01-Arr       2022-11-18 15:27:27.755596 0  
IOC_TEST:m0s001-AI01-Arr       2022-11-18 15:27:27.756604 0  
IOC_TEST:m0s001-AI01-Arr       2022-11-18 15:27:27.757608 -4  
IOC_TEST:m0s001-AI01-Arr       2022-11-18 15:27:27.758618 -4  
IOC_TEST:m0s001-AI01-Arr       2022-11-18 15:27:27.759599 -4  
IOC_TEST:m0s001-AI01-Arr       2022-11-18 15:27:27.760573 -6  
IOC_TEST:m0s001-AI01-Arr       2022-11-18 15:27:27.761595 0  
IOC_TEST:m0s001-AI01-Arr       2022-11-18 15:27:27.762665 -2  
IOC_TEST:m0s001-AI01-Arr       2022-11-18 15:27:27.763613 -10  
IOC_TEST:m0s001-AI01-Arr       2022-11-18 15:27:27.764594 -3  
IOC_TEST:m0s001-AI01-Arr       2022-11-18 15:27:27.765590 0  
IOC_TEST:m0s001-AI01-Arr       2022-11-18 15:27:27.766592 -6  
IOC_TEST:m0s001-AI01-Arr       2022-11-18 15:27:27.767591 1  
IOC_TEST:m0s001-AI01-Arr       2022-11-18 15:27:27.768571 -4  
IOC_TEST:m0s001-AI01-Arr       2022-11-18 15:27:27.769601 -6  
IOC_TEST:m0s001-AI01-Arr       2022-11-18 15:27:27.770594 -3  
IOC_TEST:m0s001-AI01-Arr       2022-11-18 15:27:27.771592 0  
IOC_TEST:m0s001-AI01-Arr       2022-11-18 15:27:27.772592 -3  
IOC_TEST:m0s001-AI01-Arr       2022-11-18 15:27:27.773594 -2  
IOC_TEST:m0s001-AI01-Arr       2022-11-18 15:27:27.774592 -2  
IOC_TEST:m0s001-AI01-Arr       2022-11-18 15:27:27.775594 -4  
IOC_TEST:m0s001-AI01-Arr       2022-11-18 15:27:27.776592 -3  
IOC_TEST:m0s001-AI01-Arr       2022-11-18 15:27:27.777600 -2  
IOC_TEST:m0s001-AI01-Arr       2022-11-18 15:27:27.778602 -6  
IOC_TEST:m0s001-AI01-Arr       2022-11-18 15:27:27.779565 -2  
IOC_TEST:m0s001-AI01-Arr       2022-11-18 15:27:27.780569 -4  
IOC_TEST:m0s001-AI01-Arr       2022-11-18 15:27:27.781557 -2  
IOC_TEST:m0s001-AI01-Arr       2022-11-18 15:27:27.782552 -3  
IOC_TEST:m0s001-AI01-Arr       2022-11-18 15:27:27.783550 -8  
IOC_TEST:m0s001-AI01-Arr       2022-11-18 15:27:27.784554 -3  
IOC_TEST:m0s001-AI01-Arr       2022-11-18 15:27:27.785552 0  
IOC_TEST:m0s001-AI01-Arr       2022-11-18 15:27:27.786542 -3  
IOC_TEST:m0s001-AI01-Arr       2022-11-18 15:27:27.787538 -4  
IOC_TEST:m0s001-AI01-Arr       2022-11-18 15:27:27.788638 -4  
IOC_TEST:m0s001-AI01-Arr       2022-11-18 15:27:27.789584 -6  
IOC_TEST:m0s001-AI01-Arr       2022-11-18 15:27:27.790591 0  
IOC_TEST:m0s001-AI01-Arr       2022-11-18 15:27:27.791560 -4  
IOC_TEST:m0s001-AI01-Arr       2022-11-18 15:27:27.792558 -3  
IOC_TEST:m0s001-AI01-Arr       2022-11-18 15:27:27.793556 -3  
IOC_TEST:m0s001-AI01-Arr       2022-11-18 15:27:27.794602 -2  
IOC_TEST:m0s001-AI01-Arr       2022-11-18 15:27:27.795602 -6  
IOC_TEST:m0s001-AI01-Arr       2022-11-18 15:27:27.796606 -4  
IOC_TEST:m0s001-AI01-Arr       2022-11-18 15:27:27.797604 -4  
IOC_TEST:m0s001-AI01-Arr       2022-11-18 15:27:27.798603 0  
IOC_TEST:m0s001-AI01-Arr       2022-11-18 15:27:27.799603 0  
IOC_TEST:m0s001-AI01-Arr       2022-11-18 15:27:27.800612 -6  
IOC_TEST:m0s001-AI01-Arr       2022-11-18 15:27:27.801604 -4  
IOC_TEST:m0s001-AI01-Arr       2022-11-18 15:27:27.802603 -2  
IOC_TEST:m0s001-AI01-Arr       2022-11-18 15:27:27.803604 -6  
IOC_TEST:m0s001-AI01-Arr       2022-11-18 15:27:27.804603 -3  
IOC_TEST:m0s001-AI01-Arr       2022-11-18 15:27:27.805607 -3  
IOC_TEST:m0s001-AI01-Arr       2022-11-18 15:27:27.806608 -3  
IOC_TEST:m0s001-AI01-Arr       2022-11-18 15:27:27.807569 -6  
IOC_TEST:m0s001-AI01-Arr       2022-11-18 15:27:27.808562 -2  
IOC_TEST:m0s001-AI01-Arr       2022-11-18 15:27:27.809561 -8  
IOC_TEST:m0s001-AI01-Arr       2022-11-18 15:27:27.810611 -4  
IOC_TEST:m0s001-AI01-Arr       2022-11-18 15:27:27.811570 -6  
IOC_TEST:m0s001-AI01-Arr       2022-11-18 15:27:27.812581 -4  
IOC_TEST:m0s001-AI01-Arr       2022-11-18 15:27:27.813611 -2  
IOC_TEST:m0s001-AI01-Arr       2022-11-18 15:27:27.814552 -6  
IOC_TEST:m0s001-AI01-Arr       2022-11-18 15:27:27.815549 -7  
IOC_TEST:m0s001-AI01-Arr       2022-11-18 15:27:27.816556 0  
IOC_TEST:m0s001-AI01-Arr       2022-11-18 15:27:27.817547 -4  
IOC_TEST:m0s001-AI01-Arr       2022-11-18 15:27:27.818547 -4  
IOC_TEST:m0s001-AI01-Arr       2022-11-18 15:27:27.819548 -3  
IOC_TEST:m0s001-AI01-Arr       2022-11-18 15:27:27.820604 -4  
IOC_TEST:m0s001-AI01-Arr       2022-11-18 15:27:27.821732 -2  
IOC_TEST:m0s001-AI01-Arr       2022-11-18 15:27:27.822564 -3  
IOC_TEST:m0s001-AI01-Arr       2022-11-18 15:27:27.823596 -3  
IOC_TEST:m0s001-AI01-Arr       2022-11-18 15:27:27.824627 0  
IOC_TEST:m0s001-AI01-Arr       2022-11-18 15:27:27.825656 -2  
IOC_TEST:m0s001-AI01-Arr       2022-11-18 15:27:27.826607 -6  
IOC_TEST:m0s001-AI01-Arr       2022-11-18 15:27:27.827614 -3  
IOC_TEST:m0s001-AI01-Arr       2022-11-18 15:27:27.828628 -2  
IOC_TEST:m0s001-AI01-Arr       2022-11-18 15:27:27.829610 -6  
IOC_TEST:m0s001-AI01-Arr       2022-11-18 15:27:27.830598 -3  
IOC_TEST:m0s001-AI01-Arr       2022-11-18 15:27:27.831599 -3  
IOC_TEST:m0s001-AI01-Arr       2022-11-18 15:27:27.832598 -4  
IOC_TEST:m0s001-AI01-Arr       2022-11-18 15:27:27.833598 -3  
IOC_TEST:m0s001-AI01-Arr       2022-11-18 15:27:27.834604 -2  
IOC_TEST:m0s001-AI01-Arr       2022-11-18 15:27:27.835598 -3  
IOC_TEST:m0s001-AI01-Arr       2022-11-18 15:27:27.836612 -2  
IOC_TEST:m0s001-AI01-Arr       2022-11-18 15:27:27.837589 -2  
IOC_TEST:m0s001-AI01-Arr       2022-11-18 15:27:27.838617 -6  
IOC_TEST:m0s001-AI01-Arr       2022-11-18 15:27:27.839594 -3  
IOC_TEST:m0s001-AI01-Arr       2022-11-18 15:27:27.840627 0  
IOC_TEST:m0s001-AI01-Arr       2022-11-18 15:27:27.841641 -4  
IOC_TEST:m0s001-AI01-Arr       2022-11-18 15:27:27.842640 0  
IOC_TEST:m0s001-AI01-Arr       2022-11-18 15:27:27.843599 -6  
IOC_TEST:m0s001-AI01-Arr       2022-11-18 15:27:27.844628 -4  
IOC_TEST:m0s001-AI01-Arr       2022-11-18 15:27:27.845694 -2  
IOC_TEST:m0s001-AI01-Arr       2022-11-18 15:27:27.846623 -4  
IOC_TEST:m0s001-AI01-Arr       2022-11-18 15:27:27.847682 -4  
IOC_TEST:m0s001-AI01-Arr       2022-11-18 15:27:27.848728 -2  
IOC_TEST:m0s001-AI01-Arr       2022-11-18 15:27:27.849594 -6  
IOC_TEST:m0s001-AI01-Arr       2022-11-18 15:27:27.850596 -4  
IOC_TEST:m0s001-AI01-Arr       2022-11-18 15:27:27.851601 -4  
IOC_TEST:m0s001-AI01-Arr       2022-11-18 15:27:27.852594 -6  
IOC_TEST:m0s001-AI01-Arr       2022-11-18 15:27:27.853594 -2  
IOC_TEST:m0s001-AI01-Arr       2022-11-18 15:27:27.854606 -3  
IOC_TEST:m0s001-AI01-Arr       2022-11-18 15:27:27.855607 0  
IOC_TEST:m0s001-AI01-Arr       2022-11-18 15:27:27.856658 -2  
