IOC_TEST:m0s001-AI01-Arr       2022-11-17 10:48:25.799752 0  
IOC_TEST:m0s001-AI01-Arr       2022-11-17 10:48:25.800693 -3  
IOC_TEST:m0s001-AI01-Arr       2022-11-17 10:48:25.801899 -4  
IOC_TEST:m0s001-AI01-Arr       2022-11-17 10:48:25.802654 -3  
IOC_TEST:m0s001-AI01-Arr       2022-11-17 10:48:25.803712 -2  
IOC_TEST:m0s001-AI01-Arr       2022-11-17 10:48:25.804677 -3  
IOC_TEST:m0s001-AI01-Arr       2022-11-17 10:48:25.805691 -2  
IOC_TEST:m0s001-AI01-Arr       2022-11-17 10:48:25.806664 -4  
IOC_TEST:m0s001-AI01-Arr       2022-11-17 10:48:25.807660 -2  
IOC_TEST:m0s001-AI01-Arr       2022-11-17 10:48:25.808658 -3  
IOC_TEST:m0s001-AI01-Arr       2022-11-17 10:48:25.809656 -2  
IOC_TEST:m0s001-AI01-Arr       2022-11-17 10:48:25.810656 -3  
IOC_TEST:m0s001-AI01-Arr       2022-11-17 10:48:25.811656 -2  
IOC_TEST:m0s001-AI01-Arr       2022-11-17 10:48:25.812656 0  
IOC_TEST:m0s001-AI01-Arr       2022-11-17 10:48:25.813655 -4  
IOC_TEST:m0s001-AI01-Arr       2022-11-17 10:48:25.814724 -6  
IOC_TEST:m0s001-AI01-Arr       2022-11-17 10:48:25.815661 -2  
IOC_TEST:m0s001-AI01-Arr       2022-11-17 10:48:25.816701 -2  
IOC_TEST:m0s001-AI01-Arr       2022-11-17 10:48:25.817661 -4  
IOC_TEST:m0s001-AI01-Arr       2022-11-17 10:48:25.818659 -2  
IOC_TEST:m0s001-AI01-Arr       2022-11-17 10:48:25.819659 -3  
IOC_TEST:m0s001-AI01-Arr       2022-11-17 10:48:25.820657 0  
IOC_TEST:m0s001-AI01-Arr       2022-11-17 10:48:25.821655 0  
IOC_TEST:m0s001-AI01-Arr       2022-11-17 10:48:25.822660 -4  
IOC_TEST:m0s001-AI01-Arr       2022-11-17 10:48:25.823659 0  
IOC_TEST:m0s001-AI01-Arr       2022-11-17 10:48:25.824676 -3  
IOC_TEST:m0s001-AI01-Arr       2022-11-17 10:48:25.825663 -4  
IOC_TEST:m0s001-AI01-Arr       2022-11-17 10:48:25.826654 0  
IOC_TEST:m0s001-AI01-Arr       2022-11-17 10:48:25.827644 -3  
IOC_TEST:m0s001-AI01-Arr       2022-11-17 10:48:25.828652 -2  
IOC_TEST:m0s001-AI01-Arr       2022-11-17 10:48:25.829651 1  
IOC_TEST:m0s001-AI01-Arr       2022-11-17 10:48:25.830651 0  
IOC_TEST:m0s001-AI01-Arr       2022-11-17 10:48:25.831650 -3  
IOC_TEST:m0s001-AI01-Arr       2022-11-17 10:48:25.832670 -2  
IOC_TEST:m0s001-AI01-Arr       2022-11-17 10:48:25.833739 -3  
IOC_TEST:m0s001-AI01-Arr       2022-11-17 10:48:25.834718 -3  
IOC_TEST:m0s001-AI01-Arr       2022-11-17 10:48:25.835736 -3  
IOC_TEST:m0s001-AI01-Arr       2022-11-17 10:48:25.836703 -3  
IOC_TEST:m0s001-AI01-Arr       2022-11-17 10:48:25.837699 -2  
IOC_TEST:m0s001-AI01-Arr       2022-11-17 10:48:25.838657 -3  
IOC_TEST:m0s001-AI01-Arr       2022-11-17 10:48:25.839696 -2  
IOC_TEST:m0s001-AI01-Arr       2022-11-17 10:48:25.840694 -6  
IOC_TEST:m0s001-AI01-Arr       2022-11-17 10:48:25.841695 -2  
IOC_TEST:m0s001-AI01-Arr       2022-11-17 10:48:25.842716 -3  
IOC_TEST:m0s001-AI01-Arr       2022-11-17 10:48:25.843699 -3  
IOC_TEST:m0s001-AI01-Arr       2022-11-17 10:48:25.844674 -4  
IOC_TEST:m0s001-AI01-Arr       2022-11-17 10:48:25.845698 -3  
IOC_TEST:m0s001-AI01-Arr       2022-11-17 10:48:25.846675 -4  
IOC_TEST:m0s001-AI01-Arr       2022-11-17 10:48:25.847696 -4  
IOC_TEST:m0s001-AI01-Arr       2022-11-17 10:48:25.848699 -6  
IOC_TEST:m0s001-AI01-Arr       2022-11-17 10:48:25.849698 -2  
IOC_TEST:m0s001-AI01-Arr       2022-11-17 10:48:25.850696 -4  
IOC_TEST:m0s001-AI01-Arr       2022-11-17 10:48:25.851696 -3  
IOC_TEST:m0s001-AI01-Arr       2022-11-17 10:48:25.852696 -3  
IOC_TEST:m0s001-AI01-Arr       2022-11-17 10:48:25.853706 -3  
IOC_TEST:m0s001-AI01-Arr       2022-11-17 10:48:25.854693 -3  
IOC_TEST:m0s001-AI01-Arr       2022-11-17 10:48:25.855672 -3  
IOC_TEST:m0s001-AI01-Arr       2022-11-17 10:48:25.856661 -3  
IOC_TEST:m0s001-AI01-Arr       2022-11-17 10:48:25.857678 -3  
IOC_TEST:m0s001-AI01-Arr       2022-11-17 10:48:25.858657 -3  
IOC_TEST:m0s001-AI01-Arr       2022-11-17 10:48:25.859660 -3  
IOC_TEST:m0s001-AI01-Arr       2022-11-17 10:48:25.860655 -4  
IOC_TEST:m0s001-AI01-Arr       2022-11-17 10:48:25.861657 -3  
IOC_TEST:m0s001-AI01-Arr       2022-11-17 10:48:25.862706 -4  
IOC_TEST:m0s001-AI01-Arr       2022-11-17 10:48:25.863740 -7  
IOC_TEST:m0s001-AI01-Arr       2022-11-17 10:48:25.864645 -3  
IOC_TEST:m0s001-AI01-Arr       2022-11-17 10:48:25.865757 -3  
IOC_TEST:m0s001-AI01-Arr       2022-11-17 10:48:25.866744 -6  
IOC_TEST:m0s001-AI01-Arr       2022-11-17 10:48:25.867777 -3  
IOC_TEST:m0s001-AI01-Arr       2022-11-17 10:48:25.868674 -3  
IOC_TEST:m0s001-AI01-Arr       2022-11-17 10:48:25.869673 -3  
IOC_TEST:m0s001-AI01-Arr       2022-11-17 10:48:25.870694 -3  
IOC_TEST:m0s001-AI01-Arr       2022-11-17 10:48:25.871654 -2  
IOC_TEST:m0s001-AI01-Arr       2022-11-17 10:48:25.872644 -3  
IOC_TEST:m0s001-AI01-Arr       2022-11-17 10:48:25.873641 2  
IOC_TEST:m0s001-AI01-Arr       2022-11-17 10:48:25.874640 -7  
IOC_TEST:m0s001-AI01-Arr       2022-11-17 10:48:25.875641 -4  
IOC_TEST:m0s001-AI01-Arr       2022-11-17 10:48:25.876639 -3  
IOC_TEST:m0s001-AI01-Arr       2022-11-17 10:48:25.877650 -3  
IOC_TEST:m0s001-AI01-Arr       2022-11-17 10:48:25.878640 0  
IOC_TEST:m0s001-AI01-Arr       2022-11-17 10:48:25.879643 -3  
IOC_TEST:m0s001-AI01-Arr       2022-11-17 10:48:25.880671 -3  
IOC_TEST:m0s001-AI01-Arr       2022-11-17 10:48:25.881652 -2  
IOC_TEST:m0s001-AI01-Arr       2022-11-17 10:48:25.882654 -2  
IOC_TEST:m0s001-AI01-Arr       2022-11-17 10:48:25.883669 -4  
IOC_TEST:m0s001-AI01-Arr       2022-11-17 10:48:25.884696 -3  
IOC_TEST:m0s001-AI01-Arr       2022-11-17 10:48:25.885660 -3  
IOC_TEST:m0s001-AI01-Arr       2022-11-17 10:48:25.886650 -3  
IOC_TEST:m0s001-AI01-Arr       2022-11-17 10:48:25.887644 -2  
IOC_TEST:m0s001-AI01-Arr       2022-11-17 10:48:25.888655 -3  
IOC_TEST:m0s001-AI01-Arr       2022-11-17 10:48:25.889676 0  
IOC_TEST:m0s001-AI01-Arr       2022-11-17 10:48:25.890709 -3  
IOC_TEST:m0s001-AI01-Arr       2022-11-17 10:48:25.891699 -3  
IOC_TEST:m0s001-AI01-Arr       2022-11-17 10:48:25.892695 0  
IOC_TEST:m0s001-AI01-Arr       2022-11-17 10:48:25.893696 -2  
IOC_TEST:m0s001-AI01-Arr       2022-11-17 10:48:25.894696 0  
IOC_TEST:m0s001-AI01-Arr       2022-11-17 10:48:25.895697 0  
IOC_TEST:m0s001-AI01-Arr       2022-11-17 10:48:25.896663 -6  
IOC_TEST:m0s001-AI01-Arr       2022-11-17 10:48:25.897650 0  
IOC_TEST:m0s001-AI01-Arr       2022-11-17 10:48:25.898657 -3  
IOC_TEST:m0s001-AI01-Arr       2022-11-17 10:48:25.899737 -4  
IOC_TEST:m0s001-AI01-Arr       2022-11-17 10:48:25.900745 -3  
IOC_TEST:m0s001-AI01-Arr       2022-11-17 10:48:25.901704 -2  
IOC_TEST:m0s001-AI01-Arr       2022-11-17 10:48:25.902888 -3  
IOC_TEST:m0s001-AI01-Arr       2022-11-17 10:48:25.903649 -3  
IOC_TEST:m0s001-AI01-Arr       2022-11-17 10:48:25.904658 -3  
IOC_TEST:m0s001-AI01-Arr       2022-11-17 10:48:25.905646 -6  
IOC_TEST:m0s001-AI01-Arr       2022-11-17 10:48:25.906650 0  
IOC_TEST:m0s001-AI01-Arr       2022-11-17 10:48:25.907669 -4  
IOC_TEST:m0s001-AI01-Arr       2022-11-17 10:48:25.908656 0  
IOC_TEST:m0s001-AI01-Arr       2022-11-17 10:48:25.909658 -4  
IOC_TEST:m0s001-AI01-Arr       2022-11-17 10:48:25.910653 -3  
IOC_TEST:m0s001-AI01-Arr       2022-11-17 10:48:25.911655 -4  
IOC_TEST:m0s001-AI01-Arr       2022-11-17 10:48:25.912655 -2  
IOC_TEST:m0s001-AI01-Arr       2022-11-17 10:48:25.913647 -3  
IOC_TEST:m0s001-AI01-Arr       2022-11-17 10:48:25.914733 -3  
IOC_TEST:m0s001-AI01-Arr       2022-11-17 10:48:25.915657 -2  
IOC_TEST:m0s001-AI01-Arr       2022-11-17 10:48:25.916682 0  
IOC_TEST:m0s001-AI01-Arr       2022-11-17 10:48:25.917673 0  
IOC_TEST:m0s001-AI01-Arr       2022-11-17 10:48:25.918681 -4  
IOC_TEST:m0s001-AI01-Arr       2022-11-17 10:48:25.919641 -2  
IOC_TEST:m0s001-AI01-Arr       2022-11-17 10:48:25.920706 -3  
IOC_TEST:m0s001-AI01-Arr       2022-11-17 10:48:25.921702 1  
IOC_TEST:m0s001-AI01-Arr       2022-11-17 10:48:25.922704 1  
IOC_TEST:m0s001-AI01-Arr       2022-11-17 10:48:25.923702 -4  
IOC_TEST:m0s001-AI01-Arr       2022-11-17 10:48:25.924698 0  
IOC_TEST:m0s001-AI01-Arr       2022-11-17 10:48:25.925695 0  
IOC_TEST:m0s001-AI01-Arr       2022-11-17 10:48:25.926693 -2  
IOC_TEST:m0s001-AI01-Arr       2022-11-17 10:48:25.927694 -2  
IOC_TEST:m0s001-AI01-Arr       2022-11-17 10:48:25.928694 -3  
IOC_TEST:m0s001-AI01-Arr       2022-11-17 10:48:25.929693 0  
IOC_TEST:m0s001-AI01-Arr       2022-11-17 10:48:25.930700 1  
IOC_TEST:m0s001-AI01-Arr       2022-11-17 10:48:25.931703 -3  
IOC_TEST:m0s001-AI01-Arr       2022-11-17 10:48:25.932705 -2  
IOC_TEST:m0s001-AI01-Arr       2022-11-17 10:48:25.933775 -3  
IOC_TEST:m0s001-AI01-Arr       2022-11-17 10:48:25.934694 -6  
IOC_TEST:m0s001-AI01-Arr       2022-11-17 10:48:25.935695 0  
IOC_TEST:m0s001-AI01-Arr       2022-11-17 10:48:25.936695 0  
IOC_TEST:m0s001-AI01-Arr       2022-11-17 10:48:25.937695 -3  
IOC_TEST:m0s001-AI01-Arr       2022-11-17 10:48:25.938692 -3  
IOC_TEST:m0s001-AI01-Arr       2022-11-17 10:48:25.939694 0  
IOC_TEST:m0s001-AI01-Arr       2022-11-17 10:48:25.940689 -2  
IOC_TEST:m0s001-AI01-Arr       2022-11-17 10:48:25.941692 -2  
IOC_TEST:m0s001-AI01-Arr       2022-11-17 10:48:25.942693 -3  
IOC_TEST:m0s001-AI01-Arr       2022-11-17 10:48:25.943692 1  
IOC_TEST:m0s001-AI01-Arr       2022-11-17 10:48:25.944693 -3  
IOC_TEST:m0s001-AI01-Arr       2022-11-17 10:48:25.945691 -3  
IOC_TEST:m0s001-AI01-Arr       2022-11-17 10:48:25.946692 1  
IOC_TEST:m0s001-AI01-Arr       2022-11-17 10:48:25.947693 0  
IOC_TEST:m0s001-AI01-Arr       2022-11-17 10:48:25.948689 -2  
IOC_TEST:m0s001-AI01-Arr       2022-11-17 10:48:25.949692 -2  
IOC_TEST:m0s001-AI01-Arr       2022-11-17 10:48:25.950693 -6  
IOC_TEST:m0s001-AI01-Arr       2022-11-17 10:48:25.951697 1  
IOC_TEST:m0s001-AI01-Arr       2022-11-17 10:48:25.952700 -2  
IOC_TEST:m0s001-AI01-Arr       2022-11-17 10:48:25.953695 -4  
IOC_TEST:m0s001-AI01-Arr       2022-11-17 10:48:25.954699 0  
IOC_TEST:m0s001-AI01-Arr       2022-11-17 10:48:25.955698 1  
IOC_TEST:m0s001-AI01-Arr       2022-11-17 10:48:25.956692 -2  
IOC_TEST:m0s001-AI01-Arr       2022-11-17 10:48:25.957703 -2  
IOC_TEST:m0s001-AI01-Arr       2022-11-17 10:48:25.958702 -2  
IOC_TEST:m0s001-AI01-Arr       2022-11-17 10:48:25.959701 -3  
IOC_TEST:m0s001-AI01-Arr       2022-11-17 10:48:25.960700 0  
IOC_TEST:m0s001-AI01-Arr       2022-11-17 10:48:25.961698 -2  
IOC_TEST:m0s001-AI01-Arr       2022-11-17 10:48:25.962705 -2  
IOC_TEST:m0s001-AI01-Arr       2022-11-17 10:48:25.963669 -2  
IOC_TEST:m0s001-AI01-Arr       2022-11-17 10:48:25.964671 -2  
IOC_TEST:m0s001-AI01-Arr       2022-11-17 10:48:25.965675 -3  
IOC_TEST:m0s001-AI01-Arr       2022-11-17 10:48:25.966657 1  
IOC_TEST:m0s001-AI01-Arr       2022-11-17 10:48:25.967653 -3  
IOC_TEST:m0s001-AI01-Arr       2022-11-17 10:48:25.968652 0  
IOC_TEST:m0s001-AI01-Arr       2022-11-17 10:48:25.969652 0  
IOC_TEST:m0s001-AI01-Arr       2022-11-17 10:48:25.970652 -2  
IOC_TEST:m0s001-AI01-Arr       2022-11-17 10:48:25.971651 -2  
IOC_TEST:m0s001-AI01-Arr       2022-11-17 10:48:25.972658 -3  
IOC_TEST:m0s001-AI01-Arr       2022-11-17 10:48:25.973708 1  
IOC_TEST:m0s001-AI01-Arr       2022-11-17 10:48:25.974663 -3  
IOC_TEST:m0s001-AI01-Arr       2022-11-17 10:48:25.975659 -4  
IOC_TEST:m0s001-AI01-Arr       2022-11-17 10:48:25.976660 -7  
IOC_TEST:m0s001-AI01-Arr       2022-11-17 10:48:25.977659 -3  
IOC_TEST:m0s001-AI01-Arr       2022-11-17 10:48:25.978659 -3  
IOC_TEST:m0s001-AI01-Arr       2022-11-17 10:48:25.979658 -3  
IOC_TEST:m0s001-AI01-Arr       2022-11-17 10:48:25.980658 1  
IOC_TEST:m0s001-AI01-Arr       2022-11-17 10:48:25.981701 -2  
IOC_TEST:m0s001-AI01-Arr       2022-11-17 10:48:25.982704 -2  
IOC_TEST:m0s001-AI01-Arr       2022-11-17 10:48:25.983702 -6  
IOC_TEST:m0s001-AI01-Arr       2022-11-17 10:48:25.984721 -2  
IOC_TEST:m0s001-AI01-Arr       2022-11-17 10:48:25.985714 0  
IOC_TEST:m0s001-AI01-Arr       2022-11-17 10:48:25.986710 -3  
IOC_TEST:m0s001-AI01-Arr       2022-11-17 10:48:25.987679 -3  
IOC_TEST:m0s001-AI01-Arr       2022-11-17 10:48:25.988711 1  
IOC_TEST:m0s001-AI01-Arr       2022-11-17 10:48:25.989734 -4  
IOC_TEST:m0s001-AI01-Arr       2022-11-17 10:48:25.990703 -2  
IOC_TEST:m0s001-AI01-Arr       2022-11-17 10:48:25.991703 -3  
IOC_TEST:m0s001-AI01-Arr       2022-11-17 10:48:25.992739 -2  
IOC_TEST:m0s001-AI01-Arr       2022-11-17 10:48:25.993863 -3  
IOC_TEST:m0s001-AI01-Arr       2022-11-17 10:48:25.994706 -3  
IOC_TEST:m0s001-AI01-Arr       2022-11-17 10:48:25.995702 -3  
IOC_TEST:m0s001-AI01-Arr       2022-11-17 10:48:25.996673 -4  
IOC_TEST:m0s001-AI01-Arr       2022-11-17 10:48:25.997677 -7  
IOC_TEST:m0s001-AI01-Arr       2022-11-17 10:48:25.998723 -2  
IOC_TEST:m0s001-AI01-Arr       2022-11-17 10:48:25.999701 -3  
IOC_TEST:m0s001-AI01-Arr       2022-11-17 10:48:26.000698 -4  
IOC_TEST:m0s001-AI01-Arr       2022-11-17 10:48:26.001696 -3  
IOC_TEST:m0s001-AI01-Arr       2022-11-17 10:48:26.002697 -2  
IOC_TEST:m0s001-AI01-Arr       2022-11-17 10:48:26.003870 -2  
IOC_TEST:m0s001-AI01-Arr       2022-11-17 10:48:26.004651 -3  
IOC_TEST:m0s001-AI01-Arr       2022-11-17 10:48:26.005648 -8  
IOC_TEST:m0s001-AI01-Arr       2022-11-17 10:48:26.006649 -3  
IOC_TEST:m0s001-AI01-Arr       2022-11-17 10:48:26.007697 2  
IOC_TEST:m0s001-AI01-Arr       2022-11-17 10:48:26.008650 -2  
IOC_TEST:m0s001-AI01-Arr       2022-11-17 10:48:26.009648 -4  
IOC_TEST:m0s001-AI01-Arr       2022-11-17 10:48:26.010646 0  
IOC_TEST:m0s001-AI01-Arr       2022-11-17 10:48:26.011647 -2  
IOC_TEST:m0s001-AI01-Arr       2022-11-17 10:48:26.012647 -4  
IOC_TEST:m0s001-AI01-Arr       2022-11-17 10:48:26.013653 -7  
IOC_TEST:m0s001-AI01-Arr       2022-11-17 10:48:26.014717 -4  
IOC_TEST:m0s001-AI01-Arr       2022-11-17 10:48:26.015647 -4  
IOC_TEST:m0s001-AI01-Arr       2022-11-17 10:48:26.016648 -3  
IOC_TEST:m0s001-AI01-Arr       2022-11-17 10:48:26.017703 0  
IOC_TEST:m0s001-AI01-Arr       2022-11-17 10:48:26.018663 -2  
IOC_TEST:m0s001-AI01-Arr       2022-11-17 10:48:26.019666 -2  
IOC_TEST:m0s001-AI01-Arr       2022-11-17 10:48:26.020668 -3  
IOC_TEST:m0s001-AI01-Arr       2022-11-17 10:48:26.021654 -4  
IOC_TEST:m0s001-AI01-Arr       2022-11-17 10:48:26.022653 -6  
IOC_TEST:m0s001-AI01-Arr       2022-11-17 10:48:26.023652 -3  
IOC_TEST:m0s001-AI01-Arr       2022-11-17 10:48:26.024649 0  
IOC_TEST:m0s001-AI01-Arr       2022-11-17 10:48:26.025652 -2  
IOC_TEST:m0s001-AI01-Arr       2022-11-17 10:48:26.026655 -6  
IOC_TEST:m0s001-AI01-Arr       2022-11-17 10:48:26.027657 0  
IOC_TEST:m0s001-AI01-Arr       2022-11-17 10:48:26.028718 -3  
IOC_TEST:m0s001-AI01-Arr       2022-11-17 10:48:26.029716 0  
IOC_TEST:m0s001-AI01-Arr       2022-11-17 10:48:26.030729 -4  
IOC_TEST:m0s001-AI01-Arr       2022-11-17 10:48:26.031701 -4  
IOC_TEST:m0s001-AI01-Arr       2022-11-17 10:48:26.032698 -2  
IOC_TEST:m0s001-AI01-Arr       2022-11-17 10:48:26.033698 -4  
IOC_TEST:m0s001-AI01-Arr       2022-11-17 10:48:26.034693 -2  
IOC_TEST:m0s001-AI01-Arr       2022-11-17 10:48:26.035692 -10  
IOC_TEST:m0s001-AI01-Arr       2022-11-17 10:48:26.036675 -3  
IOC_TEST:m0s001-AI01-Arr       2022-11-17 10:48:26.037657 -3  
IOC_TEST:m0s001-AI01-Arr       2022-11-17 10:48:26.038658 -2  
IOC_TEST:m0s001-AI01-Arr       2022-11-17 10:48:26.039655 -4  
IOC_TEST:m0s001-AI01-Arr       2022-11-17 10:48:26.040657 -4  
IOC_TEST:m0s001-AI01-Arr       2022-11-17 10:48:26.041658 0  
IOC_TEST:m0s001-AI01-Arr       2022-11-17 10:48:26.042658 -6  
IOC_TEST:m0s001-AI01-Arr       2022-11-17 10:48:26.043658 -3  
IOC_TEST:m0s001-AI01-Arr       2022-11-17 10:48:26.044656 -6  
IOC_TEST:m0s001-AI01-Arr       2022-11-17 10:48:26.045654 -2  
IOC_TEST:m0s001-AI01-Arr       2022-11-17 10:48:26.046660 -4  
IOC_TEST:m0s001-AI01-Arr       2022-11-17 10:48:26.047656 -3  
IOC_TEST:m0s001-AI01-Arr       2022-11-17 10:48:26.048647 -2  
IOC_TEST:m0s001-AI01-Arr       2022-11-17 10:48:26.049698 -3  
IOC_TEST:m0s001-AI01-Arr       2022-11-17 10:48:26.050660 -2  
IOC_TEST:m0s001-AI01-Arr       2022-11-17 10:48:26.051661 1  
IOC_TEST:m0s001-AI01-Arr       2022-11-17 10:48:26.052656 -2  
IOC_TEST:m0s001-AI01-Arr       2022-11-17 10:48:26.053672 0  
IOC_TEST:m0s001-AI01-Arr       2022-11-17 10:48:26.054653 0  
IOC_TEST:m0s001-AI01-Arr       2022-11-17 10:48:26.055651 -3  
IOC_TEST:m0s001-AI01-Arr       2022-11-17 10:48:26.056651 -3  
IOC_TEST:m0s001-AI01-Arr       2022-11-17 10:48:26.057650 -8  
IOC_TEST:m0s001-AI01-Arr       2022-11-17 10:48:26.058652 -3  
IOC_TEST:m0s001-AI01-Arr       2022-11-17 10:48:26.059651 0  
IOC_TEST:m0s001-AI01-Arr       2022-11-17 10:48:26.060644 -3  
IOC_TEST:m0s001-AI01-Arr       2022-11-17 10:48:26.061668 0  
IOC_TEST:m0s001-AI01-Arr       2022-11-17 10:48:26.062695 -3  
IOC_TEST:m0s001-AI01-Arr       2022-11-17 10:48:26.063679 -2  
IOC_TEST:m0s001-AI01-Arr       2022-11-17 10:48:26.064650 -2  
IOC_TEST:m0s001-AI01-Arr       2022-11-17 10:48:26.065653 -4  
IOC_TEST:m0s001-AI01-Arr       2022-11-17 10:48:26.066651 -4  
IOC_TEST:m0s001-AI01-Arr       2022-11-17 10:48:26.067652 -4  
IOC_TEST:m0s001-AI01-Arr       2022-11-17 10:48:26.068652 -3  
IOC_TEST:m0s001-AI01-Arr       2022-11-17 10:48:26.069651 -2  
IOC_TEST:m0s001-AI01-Arr       2022-11-17 10:48:26.070651 -4  
IOC_TEST:m0s001-AI01-Arr       2022-11-17 10:48:26.071651 -3  
IOC_TEST:m0s001-AI01-Arr       2022-11-17 10:48:26.072650 -4  
IOC_TEST:m0s001-AI01-Arr       2022-11-17 10:48:26.073651 0  
IOC_TEST:m0s001-AI01-Arr       2022-11-17 10:48:26.074652 -4  
IOC_TEST:m0s001-AI01-Arr       2022-11-17 10:48:26.075705 -4  
IOC_TEST:m0s001-AI01-Arr       2022-11-17 10:48:26.076651 -2  
IOC_TEST:m0s001-AI01-Arr       2022-11-17 10:48:26.077660 0  
IOC_TEST:m0s001-AI01-Arr       2022-11-17 10:48:26.078657 -3  
IOC_TEST:m0s001-AI01-Arr       2022-11-17 10:48:26.079643 -4  
IOC_TEST:m0s001-AI01-Arr       2022-11-17 10:48:26.080658 -3  
IOC_TEST:m0s001-AI01-Arr       2022-11-17 10:48:26.081652 0  
IOC_TEST:m0s001-AI01-Arr       2022-11-17 10:48:26.082651 0  
IOC_TEST:m0s001-AI01-Arr       2022-11-17 10:48:26.083724 -2  
IOC_TEST:m0s001-AI01-Arr       2022-11-17 10:48:26.084661 -3  
IOC_TEST:m0s001-AI01-Arr       2022-11-17 10:48:26.085660 -3  
IOC_TEST:m0s001-AI01-Arr       2022-11-17 10:48:26.086723 0  
IOC_TEST:m0s001-AI01-Arr       2022-11-17 10:48:26.087665 -3  
IOC_TEST:m0s001-AI01-Arr       2022-11-17 10:48:26.088658 -2  
IOC_TEST:m0s001-AI01-Arr       2022-11-17 10:48:26.089657 -3  
IOC_TEST:m0s001-AI01-Arr       2022-11-17 10:48:26.090656 -3  
IOC_TEST:m0s001-AI01-Arr       2022-11-17 10:48:26.091700 -3  
IOC_TEST:m0s001-AI01-Arr       2022-11-17 10:48:26.092658 -4  
IOC_TEST:m0s001-AI01-Arr       2022-11-17 10:48:26.093701 -3  
IOC_TEST:m0s001-AI01-Arr       2022-11-17 10:48:26.094711 -2  
IOC_TEST:m0s001-AI01-Arr       2022-11-17 10:48:26.095716 -3  
IOC_TEST:m0s001-AI01-Arr       2022-11-17 10:48:26.096725 -3  
IOC_TEST:m0s001-AI01-Arr       2022-11-17 10:48:26.097697 -4  
IOC_TEST:m0s001-AI01-Arr       2022-11-17 10:48:26.098697 -2  
IOC_TEST:m0s001-AI01-Arr       2022-11-17 10:48:26.099696 -3  
IOC_TEST:m0s001-AI01-Arr       2022-11-17 10:48:26.100695 -6  
IOC_TEST:m0s001-AI01-Arr       2022-11-17 10:48:26.101697 -4  
IOC_TEST:m0s001-AI01-Arr       2022-11-17 10:48:26.102718 -2  
IOC_TEST:m0s001-AI01-Arr       2022-11-17 10:48:26.103688 0  
IOC_TEST:m0s001-AI01-Arr       2022-11-17 10:48:26.104871 -3  
IOC_TEST:m0s001-AI01-Arr       2022-11-17 10:48:26.105685 -3  
IOC_TEST:m0s001-AI01-Arr       2022-11-17 10:48:26.106742 -4  
IOC_TEST:m0s001-AI01-Arr       2022-11-17 10:48:26.107854 -3  
IOC_TEST:m0s001-AI01-Arr       2022-11-17 10:48:26.108813 0  
IOC_TEST:m0s001-AI01-Arr       2022-11-17 10:48:26.109726 -7  
IOC_TEST:m0s001-AI01-Arr       2022-11-17 10:48:26.110726 -3  
IOC_TEST:m0s001-AI01-Arr       2022-11-17 10:48:26.111707 -3  
IOC_TEST:m0s001-AI01-Arr       2022-11-17 10:48:26.112662 -3  
IOC_TEST:m0s001-AI01-Arr       2022-11-17 10:48:26.113654 -7  
IOC_TEST:m0s001-AI01-Arr       2022-11-17 10:48:26.114711 -4  
IOC_TEST:m0s001-AI01-Arr       2022-11-17 10:48:26.115655 -6  
IOC_TEST:m0s001-AI01-Arr       2022-11-17 10:48:26.116703 -2  
IOC_TEST:m0s001-AI01-Arr       2022-11-17 10:48:26.117707 -2  
IOC_TEST:m0s001-AI01-Arr       2022-11-17 10:48:26.118803 -2  
IOC_TEST:m0s001-AI01-Arr       2022-11-17 10:48:26.119740 -3  
IOC_TEST:m0s001-AI01-Arr       2022-11-17 10:48:26.120748 -3  
IOC_TEST:m0s001-AI01-Arr       2022-11-17 10:48:26.121804 -3  
IOC_TEST:m0s001-AI01-Arr       2022-11-17 10:48:26.122701 -2  
IOC_TEST:m0s001-AI01-Arr       2022-11-17 10:48:26.123703 -3  
IOC_TEST:m0s001-AI01-Arr       2022-11-17 10:48:26.124695 0  
IOC_TEST:m0s001-AI01-Arr       2022-11-17 10:48:26.125698 -2  
IOC_TEST:m0s001-AI01-Arr       2022-11-17 10:48:26.126698 -3  
IOC_TEST:m0s001-AI01-Arr       2022-11-17 10:48:26.127699 -2  
IOC_TEST:m0s001-AI01-Arr       2022-11-17 10:48:26.128701 -7  
IOC_TEST:m0s001-AI01-Arr       2022-11-17 10:48:26.129697 -2  
IOC_TEST:m0s001-AI01-Arr       2022-11-17 10:48:26.130698 -4  
IOC_TEST:m0s001-AI01-Arr       2022-11-17 10:48:26.131698 -6  
IOC_TEST:m0s001-AI01-Arr       2022-11-17 10:48:26.132698 -3  
IOC_TEST:m0s001-AI01-Arr       2022-11-17 10:48:26.133700 -2  
IOC_TEST:m0s001-AI01-Arr       2022-11-17 10:48:26.134697 -3  
IOC_TEST:m0s001-AI01-Arr       2022-11-17 10:48:26.135662 -2  
IOC_TEST:m0s001-AI01-Arr       2022-11-17 10:48:26.136657 -4  
IOC_TEST:m0s001-AI01-Arr       2022-11-17 10:48:26.137653 1  
IOC_TEST:m0s001-AI01-Arr       2022-11-17 10:48:26.138651 1  
IOC_TEST:m0s001-AI01-Arr       2022-11-17 10:48:26.139652 -6  
IOC_TEST:m0s001-AI01-Arr       2022-11-17 10:48:26.140652 0  
IOC_TEST:m0s001-AI01-Arr       2022-11-17 10:48:26.141651 -2  
IOC_TEST:m0s001-AI01-Arr       2022-11-17 10:48:26.142652 -4  
IOC_TEST:m0s001-AI01-Arr       2022-11-17 10:48:26.143653 0  
IOC_TEST:m0s001-AI01-Arr       2022-11-17 10:48:26.144654 -2  
IOC_TEST:m0s001-AI01-Arr       2022-11-17 10:48:26.145672 -6  
IOC_TEST:m0s001-AI01-Arr       2022-11-17 10:48:26.146658 -2  
IOC_TEST:m0s001-AI01-Arr       2022-11-17 10:48:26.147678 0  
IOC_TEST:m0s001-AI01-Arr       2022-11-17 10:48:26.148710 2  
IOC_TEST:m0s001-AI01-Arr       2022-11-17 10:48:26.149711 0  
IOC_TEST:m0s001-AI01-Arr       2022-11-17 10:48:26.150701 -3  
IOC_TEST:m0s001-AI01-Arr       2022-11-17 10:48:26.151695 -2  
IOC_TEST:m0s001-AI01-Arr       2022-11-17 10:48:26.152696 -6  
IOC_TEST:m0s001-AI01-Arr       2022-11-17 10:48:26.153694 -3  
IOC_TEST:m0s001-AI01-Arr       2022-11-17 10:48:26.154673 -2  
IOC_TEST:m0s001-AI01-Arr       2022-11-17 10:48:26.155692 -3  
IOC_TEST:m0s001-AI01-Arr       2022-11-17 10:48:26.156673 -3  
IOC_TEST:m0s001-AI01-Arr       2022-11-17 10:48:26.157691 -2  
IOC_TEST:m0s001-AI01-Arr       2022-11-17 10:48:26.158696 -4  
IOC_TEST:m0s001-AI01-Arr       2022-11-17 10:48:26.159697 1  
IOC_TEST:m0s001-AI01-Arr       2022-11-17 10:48:26.160710 1  
IOC_TEST:m0s001-AI01-Arr       2022-11-17 10:48:26.161742 -4  
IOC_TEST:m0s001-AI01-Arr       2022-11-17 10:48:26.162694 -4  
IOC_TEST:m0s001-AI01-Arr       2022-11-17 10:48:26.163691 -3  
IOC_TEST:m0s001-AI01-Arr       2022-11-17 10:48:26.164696 -3  
IOC_TEST:m0s001-AI01-Arr       2022-11-17 10:48:26.165692 -2  
IOC_TEST:m0s001-AI01-Arr       2022-11-17 10:48:26.166691 -2  
IOC_TEST:m0s001-AI01-Arr       2022-11-17 10:48:26.167693 -2  
IOC_TEST:m0s001-AI01-Arr       2022-11-17 10:48:26.168692 -2  
IOC_TEST:m0s001-AI01-Arr       2022-11-17 10:48:26.169693 1  
IOC_TEST:m0s001-AI01-Arr       2022-11-17 10:48:26.170672 -3  
IOC_TEST:m0s001-AI01-Arr       2022-11-17 10:48:26.171653 2  
IOC_TEST:m0s001-AI01-Arr       2022-11-17 10:48:26.172646 -2  
IOC_TEST:m0s001-AI01-Arr       2022-11-17 10:48:26.173645 -3  
IOC_TEST:m0s001-AI01-Arr       2022-11-17 10:48:26.174646 -3  
IOC_TEST:m0s001-AI01-Arr       2022-11-17 10:48:26.175645 -3  
IOC_TEST:m0s001-AI01-Arr       2022-11-17 10:48:26.176646 1  
IOC_TEST:m0s001-AI01-Arr       2022-11-17 10:48:26.177692 0  
IOC_TEST:m0s001-AI01-Arr       2022-11-17 10:48:26.178694 0  
IOC_TEST:m0s001-AI01-Arr       2022-11-17 10:48:26.179723 -3  
IOC_TEST:m0s001-AI01-Arr       2022-11-17 10:48:26.180703 -2  
IOC_TEST:m0s001-AI01-Arr       2022-11-17 10:48:26.181703 -3  
IOC_TEST:m0s001-AI01-Arr       2022-11-17 10:48:26.182707 -3  
IOC_TEST:m0s001-AI01-Arr       2022-11-17 10:48:26.183678 -3  
IOC_TEST:m0s001-AI01-Arr       2022-11-17 10:48:26.184654 -3  
IOC_TEST:m0s001-AI01-Arr       2022-11-17 10:48:26.185652 0  
IOC_TEST:m0s001-AI01-Arr       2022-11-17 10:48:26.186698 -4  
IOC_TEST:m0s001-AI01-Arr       2022-11-17 10:48:26.187697 -4  
IOC_TEST:m0s001-AI01-Arr       2022-11-17 10:48:26.188698 -2  
IOC_TEST:m0s001-AI01-Arr       2022-11-17 10:48:26.189697 -4  
IOC_TEST:m0s001-AI01-Arr       2022-11-17 10:48:26.190698 0  
IOC_TEST:m0s001-AI01-Arr       2022-11-17 10:48:26.191708 0  
IOC_TEST:m0s001-AI01-Arr       2022-11-17 10:48:26.192727 -4  
IOC_TEST:m0s001-AI01-Arr       2022-11-17 10:48:26.193727 -3  
IOC_TEST:m0s001-AI01-Arr       2022-11-17 10:48:26.194699 -2  
IOC_TEST:m0s001-AI01-Arr       2022-11-17 10:48:26.195701 0  
IOC_TEST:m0s001-AI01-Arr       2022-11-17 10:48:26.196697 -2  
IOC_TEST:m0s001-AI01-Arr       2022-11-17 10:48:26.197698 0  
IOC_TEST:m0s001-AI01-Arr       2022-11-17 10:48:26.198702 0  
IOC_TEST:m0s001-AI01-Arr       2022-11-17 10:48:26.199698 0  
IOC_TEST:m0s001-AI01-Arr       2022-11-17 10:48:26.200705 -2  
IOC_TEST:m0s001-AI01-Arr       2022-11-17 10:48:26.201707 -2  
IOC_TEST:m0s001-AI01-Arr       2022-11-17 10:48:26.202703 0  
IOC_TEST:m0s001-AI01-Arr       2022-11-17 10:48:26.203699 1  
IOC_TEST:m0s001-AI01-Arr       2022-11-17 10:48:26.204661 -3  
IOC_TEST:m0s001-AI01-Arr       2022-11-17 10:48:26.205849 -2  
IOC_TEST:m0s001-AI01-Arr       2022-11-17 10:48:26.206681 -3  
IOC_TEST:m0s001-AI01-Arr       2022-11-17 10:48:26.207674 0  
IOC_TEST:m0s001-AI01-Arr       2022-11-17 10:48:26.208670 -3  
IOC_TEST:m0s001-AI01-Arr       2022-11-17 10:48:26.209702 -2  
IOC_TEST:m0s001-AI01-Arr       2022-11-17 10:48:26.210709 -2  
IOC_TEST:m0s001-AI01-Arr       2022-11-17 10:48:26.211709 -3  
IOC_TEST:m0s001-AI01-Arr       2022-11-17 10:48:26.212714 -2  
IOC_TEST:m0s001-AI01-Arr       2022-11-17 10:48:26.216793 -2  
IOC_TEST:m0s001-AI01-Arr       2022-11-17 10:48:26.217238 -2  
IOC_TEST:m0s001-AI01-Arr       2022-11-17 10:48:26.217500 -2  
IOC_TEST:m0s001-AI01-Arr       2022-11-17 10:48:26.217757 -2  
IOC_TEST:m0s001-AI01-Arr       2022-11-17 10:48:26.217928 -4  
IOC_TEST:m0s001-AI01-Arr       2022-11-17 10:48:26.218725 0  
IOC_TEST:m0s001-AI01-Arr       2022-11-17 10:48:26.219740 -6  
IOC_TEST:m0s001-AI01-Arr       2022-11-17 10:48:26.220735 0  
IOC_TEST:m0s001-AI01-Arr       2022-11-17 10:48:26.221782 -3  
IOC_TEST:m0s001-AI01-Arr       2022-11-17 10:48:26.222845 0  
IOC_TEST:m0s001-AI01-Arr       2022-11-17 10:48:26.223729 -2  
IOC_TEST:m0s001-AI01-Arr       2022-11-17 10:48:26.224736 -2  
IOC_TEST:m0s001-AI01-Arr       2022-11-17 10:48:26.225758 1  
IOC_TEST:m0s001-AI01-Arr       2022-11-17 10:48:26.226753 0  
IOC_TEST:m0s001-AI01-Arr       2022-11-17 10:48:26.227725 -3  
IOC_TEST:m0s001-AI01-Arr       2022-11-17 10:48:26.228722 -2  
IOC_TEST:m0s001-AI01-Arr       2022-11-17 10:48:26.229722 -2  
IOC_TEST:m0s001-AI01-Arr       2022-11-17 10:48:26.230715 -3  
IOC_TEST:m0s001-AI01-Arr       2022-11-17 10:48:26.231760 -3  
IOC_TEST:m0s001-AI01-Arr       2022-11-17 10:48:26.232717 -3  
IOC_TEST:m0s001-AI01-Arr       2022-11-17 10:48:26.233717 -4  
IOC_TEST:m0s001-AI01-Arr       2022-11-17 10:48:26.234723 -3  
IOC_TEST:m0s001-AI01-Arr       2022-11-17 10:48:26.235722 -2  
IOC_TEST:m0s001-AI01-Arr       2022-11-17 10:48:26.236725 0  
IOC_TEST:m0s001-AI01-Arr       2022-11-17 10:48:26.237724 -3  
IOC_TEST:m0s001-AI01-Arr       2022-11-17 10:48:26.238726 1  
IOC_TEST:m0s001-AI01-Arr       2022-11-17 10:48:26.239725 -2  
IOC_TEST:m0s001-AI01-Arr       2022-11-17 10:48:26.240723 0  
IOC_TEST:m0s001-AI01-Arr       2022-11-17 10:48:26.241727 -2  
IOC_TEST:m0s001-AI01-Arr       2022-11-17 10:48:26.242716 -3  
IOC_TEST:m0s001-AI01-Arr       2022-11-17 10:48:26.243723 1  
IOC_TEST:m0s001-AI01-Arr       2022-11-17 10:48:26.244733 -8  
IOC_TEST:m0s001-AI01-Arr       2022-11-17 10:48:26.245732 -2  
IOC_TEST:m0s001-AI01-Arr       2022-11-17 10:48:26.246726 -2  
IOC_TEST:m0s001-AI01-Arr       2022-11-17 10:48:26.247732 -3  
IOC_TEST:m0s001-AI01-Arr       2022-11-17 10:48:26.248788 -3  
IOC_TEST:m0s001-AI01-Arr       2022-11-17 10:48:26.249726 0  
IOC_TEST:m0s001-AI01-Arr       2022-11-17 10:48:26.250728 -3  
IOC_TEST:m0s001-AI01-Arr       2022-11-17 10:48:26.251723 0  
IOC_TEST:m0s001-AI01-Arr       2022-11-17 10:48:26.252731 -7  
IOC_TEST:m0s001-AI01-Arr       2022-11-17 10:48:26.253733 0  
IOC_TEST:m0s001-AI01-Arr       2022-11-17 10:48:26.254750 -4  
IOC_TEST:m0s001-AI01-Arr       2022-11-17 10:48:26.255797 -4  
IOC_TEST:m0s001-AI01-Arr       2022-11-17 10:48:26.256814 -3  
IOC_TEST:m0s001-AI01-Arr       2022-11-17 10:48:26.257814 -3  
IOC_TEST:m0s001-AI01-Arr       2022-11-17 10:48:26.258776 0  
IOC_TEST:m0s001-AI01-Arr       2022-11-17 10:48:26.259763 -2  
IOC_TEST:m0s001-AI01-Arr       2022-11-17 10:48:26.260724 -3  
IOC_TEST:m0s001-AI01-Arr       2022-11-17 10:48:26.261729 0  
IOC_TEST:m0s001-AI01-Arr       2022-11-17 10:48:26.262727 -2  
IOC_TEST:m0s001-AI01-Arr       2022-11-17 10:48:26.263720 -4  
IOC_TEST:m0s001-AI01-Arr       2022-11-17 10:48:26.264718 -3  
IOC_TEST:m0s001-AI01-Arr       2022-11-17 10:48:26.265762 -4  
IOC_TEST:m0s001-AI01-Arr       2022-11-17 10:48:26.266693 -3  
IOC_TEST:m0s001-AI01-Arr       2022-11-17 10:48:26.267663 -2  
IOC_TEST:m0s001-AI01-Arr       2022-11-17 10:48:26.268662 -3  
IOC_TEST:m0s001-AI01-Arr       2022-11-17 10:48:26.269660 -2  
IOC_TEST:m0s001-AI01-Arr       2022-11-17 10:48:26.270658 -3  
IOC_TEST:m0s001-AI01-Arr       2022-11-17 10:48:26.271671 0  
IOC_TEST:m0s001-AI01-Arr       2022-11-17 10:48:26.272699 -3  
IOC_TEST:m0s001-AI01-Arr       2022-11-17 10:48:26.273694 -3  
IOC_TEST:m0s001-AI01-Arr       2022-11-17 10:48:26.274697 -3  
IOC_TEST:m0s001-AI01-Arr       2022-11-17 10:48:26.275662 -2  
IOC_TEST:m0s001-AI01-Arr       2022-11-17 10:48:26.276659 -3  
IOC_TEST:m0s001-AI01-Arr       2022-11-17 10:48:26.277658 -2  
IOC_TEST:m0s001-AI01-Arr       2022-11-17 10:48:26.278659 -3  
IOC_TEST:m0s001-AI01-Arr       2022-11-17 10:48:26.279704 -3  
IOC_TEST:m0s001-AI01-Arr       2022-11-17 10:48:26.280665 -2  
IOC_TEST:m0s001-AI01-Arr       2022-11-17 10:48:26.281711 0  
IOC_TEST:m0s001-AI01-Arr       2022-11-17 10:48:26.282662 0  
IOC_TEST:m0s001-AI01-Arr       2022-11-17 10:48:26.283699 -4  
IOC_TEST:m0s001-AI01-Arr       2022-11-17 10:48:26.284649 -4  
IOC_TEST:m0s001-AI01-Arr       2022-11-17 10:48:26.285696 -3  
IOC_TEST:m0s001-AI01-Arr       2022-11-17 10:48:26.286699 0  
IOC_TEST:m0s001-AI01-Arr       2022-11-17 10:48:26.287697 -4  
IOC_TEST:m0s001-AI01-Arr       2022-11-17 10:48:26.288698 -4  
IOC_TEST:m0s001-AI01-Arr       2022-11-17 10:48:26.289693 -2  
IOC_TEST:m0s001-AI01-Arr       2022-11-17 10:48:26.290743 -3  
IOC_TEST:m0s001-AI01-Arr       2022-11-17 10:48:26.291740 1  
IOC_TEST:m0s001-AI01-Arr       2022-11-17 10:48:26.292708 -4  
IOC_TEST:m0s001-AI01-Arr       2022-11-17 10:48:26.293662 -4  
IOC_TEST:m0s001-AI01-Arr       2022-11-17 10:48:26.294659 -3  
IOC_TEST:m0s001-AI01-Arr       2022-11-17 10:48:26.295656 -2  
IOC_TEST:m0s001-AI01-Arr       2022-11-17 10:48:26.296657 -6  
IOC_TEST:m0s001-AI01-Arr       2022-11-17 10:48:26.297657 0  
IOC_TEST:m0s001-AI01-Arr       2022-11-17 10:48:26.298696 -2  
IOC_TEST:m0s001-AI01-Arr       2022-11-17 10:48:26.299662 -6  
IOC_TEST:m0s001-AI01-Arr       2022-11-17 10:48:26.300659 -3  
IOC_TEST:m0s001-AI01-Arr       2022-11-17 10:48:26.301656 -4  
IOC_TEST:m0s001-AI01-Arr       2022-11-17 10:48:26.302657 -4  
IOC_TEST:m0s001-AI01-Arr       2022-11-17 10:48:26.303656 -4  
IOC_TEST:m0s001-AI01-Arr       2022-11-17 10:48:26.304657 -4  
IOC_TEST:m0s001-AI01-Arr       2022-11-17 10:48:26.305656 0  
IOC_TEST:m0s001-AI01-Arr       2022-11-17 10:48:26.306810 -3  
IOC_TEST:m0s001-AI01-Arr       2022-11-17 10:48:26.307646 -2  
IOC_TEST:m0s001-AI01-Arr       2022-11-17 10:48:26.308654 -3  
IOC_TEST:m0s001-AI01-Arr       2022-11-17 10:48:26.309653 -2  
IOC_TEST:m0s001-AI01-Arr       2022-11-17 10:48:26.310645 -3  
IOC_TEST:m0s001-AI01-Arr       2022-11-17 10:48:26.311704 -3  
IOC_TEST:m0s001-AI01-Arr       2022-11-17 10:48:26.312660 0  
IOC_TEST:m0s001-AI01-Arr       2022-11-17 10:48:26.313662 -3  
IOC_TEST:m0s001-AI01-Arr       2022-11-17 10:48:26.314755 -2  
IOC_TEST:m0s001-AI01-Arr       2022-11-17 10:48:26.315667 -2  
IOC_TEST:m0s001-AI01-Arr       2022-11-17 10:48:26.316642 -4  
IOC_TEST:m0s001-AI01-Arr       2022-11-17 10:48:26.317641 -7  
IOC_TEST:m0s001-AI01-Arr       2022-11-17 10:48:26.318700 -6  
IOC_TEST:m0s001-AI01-Arr       2022-11-17 10:48:26.319651 -3  
IOC_TEST:m0s001-AI01-Arr       2022-11-17 10:48:26.320647 -4  
IOC_TEST:m0s001-AI01-Arr       2022-11-17 10:48:26.321698 -3  
IOC_TEST:m0s001-AI01-Arr       2022-11-17 10:48:26.322657 -3  
IOC_TEST:m0s001-AI01-Arr       2022-11-17 10:48:26.323663 0  
IOC_TEST:m0s001-AI01-Arr       2022-11-17 10:48:26.324683 -2  
IOC_TEST:m0s001-AI01-Arr       2022-11-17 10:48:26.325708 -2  
IOC_TEST:m0s001-AI01-Arr       2022-11-17 10:48:26.326651 -6  
IOC_TEST:m0s001-AI01-Arr       2022-11-17 10:48:26.327646 0  
IOC_TEST:m0s001-AI01-Arr       2022-11-17 10:48:26.328646 0  
IOC_TEST:m0s001-AI01-Arr       2022-11-17 10:48:26.329645 -6  
IOC_TEST:m0s001-AI01-Arr       2022-11-17 10:48:26.330645 -2  
IOC_TEST:m0s001-AI01-Arr       2022-11-17 10:48:26.331645 -2  
IOC_TEST:m0s001-AI01-Arr       2022-11-17 10:48:26.332701 -4  
IOC_TEST:m0s001-AI01-Arr       2022-11-17 10:48:26.333697 -2  
IOC_TEST:m0s001-AI01-Arr       2022-11-17 10:48:26.334691 -3  
IOC_TEST:m0s001-AI01-Arr       2022-11-17 10:48:26.335693 0  
IOC_TEST:m0s001-AI01-Arr       2022-11-17 10:48:26.336692 -3  
IOC_TEST:m0s001-AI01-Arr       2022-11-17 10:48:26.337696 -4  
IOC_TEST:m0s001-AI01-Arr       2022-11-17 10:48:26.338696 0  
IOC_TEST:m0s001-AI01-Arr       2022-11-17 10:48:26.339696 -3  
IOC_TEST:m0s001-AI01-Arr       2022-11-17 10:48:26.340700 -4  
IOC_TEST:m0s001-AI01-Arr       2022-11-17 10:48:26.341698 -3  
IOC_TEST:m0s001-AI01-Arr       2022-11-17 10:48:26.342699 -3  
IOC_TEST:m0s001-AI01-Arr       2022-11-17 10:48:26.343703 0  
IOC_TEST:m0s001-AI01-Arr       2022-11-17 10:48:26.344710 -3  
IOC_TEST:m0s001-AI01-Arr       2022-11-17 10:48:26.345711 0  
IOC_TEST:m0s001-AI01-Arr       2022-11-17 10:48:26.346671 0  
IOC_TEST:m0s001-AI01-Arr       2022-11-17 10:48:26.347658 -3  
IOC_TEST:m0s001-AI01-Arr       2022-11-17 10:48:26.348659 -2  
IOC_TEST:m0s001-AI01-Arr       2022-11-17 10:48:26.349709 -2  
IOC_TEST:m0s001-AI01-Arr       2022-11-17 10:48:26.350692 1  
IOC_TEST:m0s001-AI01-Arr       2022-11-17 10:48:26.351700 -4  
IOC_TEST:m0s001-AI01-Arr       2022-11-17 10:48:26.352776 -3  
IOC_TEST:m0s001-AI01-Arr       2022-11-17 10:48:26.353826 -2  
IOC_TEST:m0s001-AI01-Arr       2022-11-17 10:48:26.354735 1  
IOC_TEST:m0s001-AI01-Arr       2022-11-17 10:48:26.355672 -3  
IOC_TEST:m0s001-AI01-Arr       2022-11-17 10:48:26.356751 -3  
IOC_TEST:m0s001-AI01-Arr       2022-11-17 10:48:26.357659 -3  
IOC_TEST:m0s001-AI01-Arr       2022-11-17 10:48:26.358701 -3  
IOC_TEST:m0s001-AI01-Arr       2022-11-17 10:48:26.359699 -3  
IOC_TEST:m0s001-AI01-Arr       2022-11-17 10:48:26.360699 -3  
IOC_TEST:m0s001-AI01-Arr       2022-11-17 10:48:26.361697 0  
IOC_TEST:m0s001-AI01-Arr       2022-11-17 10:48:26.362698 -6  
IOC_TEST:m0s001-AI01-Arr       2022-11-17 10:48:26.363698 -4  
IOC_TEST:m0s001-AI01-Arr       2022-11-17 10:48:26.364699 -3  
IOC_TEST:m0s001-AI01-Arr       2022-11-17 10:48:26.365701 -4  
IOC_TEST:m0s001-AI01-Arr       2022-11-17 10:48:26.366698 -7  
IOC_TEST:m0s001-AI01-Arr       2022-11-17 10:48:26.367697 0  
IOC_TEST:m0s001-AI01-Arr       2022-11-17 10:48:26.368698 1  
IOC_TEST:m0s001-AI01-Arr       2022-11-17 10:48:26.369696 -4  
IOC_TEST:m0s001-AI01-Arr       2022-11-17 10:48:26.370698 -4  
IOC_TEST:m0s001-AI01-Arr       2022-11-17 10:48:26.371698 -2  
IOC_TEST:m0s001-AI01-Arr       2022-11-17 10:48:26.372698 0  
IOC_TEST:m0s001-AI01-Arr       2022-11-17 10:48:26.373698 -3  
IOC_TEST:m0s001-AI01-Arr       2022-11-17 10:48:26.374699 -6  
IOC_TEST:m0s001-AI01-Arr       2022-11-17 10:48:26.375697 -3  
IOC_TEST:m0s001-AI01-Arr       2022-11-17 10:48:26.376702 0  
IOC_TEST:m0s001-AI01-Arr       2022-11-17 10:48:26.377702 -2  
IOC_TEST:m0s001-AI01-Arr       2022-11-17 10:48:26.378717 -2  
IOC_TEST:m0s001-AI01-Arr       2022-11-17 10:48:26.379700 -3  
IOC_TEST:m0s001-AI01-Arr       2022-11-17 10:48:26.380698 -2  
IOC_TEST:m0s001-AI01-Arr       2022-11-17 10:48:26.381698 -4  
IOC_TEST:m0s001-AI01-Arr       2022-11-17 10:48:26.382698 -3  
IOC_TEST:m0s001-AI01-Arr       2022-11-17 10:48:26.383696 -4  
IOC_TEST:m0s001-AI01-Arr       2022-11-17 10:48:26.384698 -4  
IOC_TEST:m0s001-AI01-Arr       2022-11-17 10:48:26.385697 -2  
IOC_TEST:m0s001-AI01-Arr       2022-11-17 10:48:26.386690 -4  
IOC_TEST:m0s001-AI01-Arr       2022-11-17 10:48:26.387711 -4  
IOC_TEST:m0s001-AI01-Arr       2022-11-17 10:48:26.388750 -2  
IOC_TEST:m0s001-AI01-Arr       2022-11-17 10:48:26.389649 -2  
IOC_TEST:m0s001-AI01-Arr       2022-11-17 10:48:26.390687 -2  
IOC_TEST:m0s001-AI01-Arr       2022-11-17 10:48:26.391650 -3  
IOC_TEST:m0s001-AI01-Arr       2022-11-17 10:48:26.392650 0  
IOC_TEST:m0s001-AI01-Arr       2022-11-17 10:48:26.393646 -4  
IOC_TEST:m0s001-AI01-Arr       2022-11-17 10:48:26.394645 -2  
IOC_TEST:m0s001-AI01-Arr       2022-11-17 10:48:26.395644 -6  
IOC_TEST:m0s001-AI01-Arr       2022-11-17 10:48:26.396644 -2  
IOC_TEST:m0s001-AI01-Arr       2022-11-17 10:48:26.397636 -4  
IOC_TEST:m0s001-AI01-Arr       2022-11-17 10:48:26.398645 -3  
IOC_TEST:m0s001-AI01-Arr       2022-11-17 10:48:26.399645 -7  
IOC_TEST:m0s001-AI01-Arr       2022-11-17 10:48:26.400644 -3  
IOC_TEST:m0s001-AI01-Arr       2022-11-17 10:48:26.401645 -2  
IOC_TEST:m0s001-AI01-Arr       2022-11-17 10:48:26.402646 -4  
IOC_TEST:m0s001-AI01-Arr       2022-11-17 10:48:26.403645 -3  
IOC_TEST:m0s001-AI01-Arr       2022-11-17 10:48:26.404645 -2  
IOC_TEST:m0s001-AI01-Arr       2022-11-17 10:48:26.405638 0  
IOC_TEST:m0s001-AI01-Arr       2022-11-17 10:48:26.406690 -4  
IOC_TEST:m0s001-AI01-Arr       2022-11-17 10:48:26.407783 -3  
IOC_TEST:m0s001-AI01-Arr       2022-11-17 10:48:26.408676 -2  
IOC_TEST:m0s001-AI01-Arr       2022-11-17 10:48:26.409671 -6  
IOC_TEST:m0s001-AI01-Arr       2022-11-17 10:48:26.410657 -2  
IOC_TEST:m0s001-AI01-Arr       2022-11-17 10:48:26.411675 0  
IOC_TEST:m0s001-AI01-Arr       2022-11-17 10:48:26.412672 -3  
IOC_TEST:m0s001-AI01-Arr       2022-11-17 10:48:26.413670 -3  
IOC_TEST:m0s001-AI01-Arr       2022-11-17 10:48:26.414716 -2  
IOC_TEST:m0s001-AI01-Arr       2022-11-17 10:48:26.415672 0  
IOC_TEST:m0s001-AI01-Arr       2022-11-17 10:48:26.416669 -2  
IOC_TEST:m0s001-AI01-Arr       2022-11-17 10:48:26.417670 -6  
IOC_TEST:m0s001-AI01-Arr       2022-11-17 10:48:26.418671 -3  
IOC_TEST:m0s001-AI01-Arr       2022-11-17 10:48:26.419654 0  
IOC_TEST:m0s001-AI01-Arr       2022-11-17 10:48:26.420691 -3  
IOC_TEST:m0s001-AI01-Arr       2022-11-17 10:48:26.421670 -3  
IOC_TEST:m0s001-AI01-Arr       2022-11-17 10:48:26.422670 -3  
IOC_TEST:m0s001-AI01-Arr       2022-11-17 10:48:26.423671 -4  
IOC_TEST:m0s001-AI01-Arr       2022-11-17 10:48:26.424671 0  
IOC_TEST:m0s001-AI01-Arr       2022-11-17 10:48:26.425679 -3  
IOC_TEST:m0s001-AI01-Arr       2022-11-17 10:48:26.426674 -3  
IOC_TEST:m0s001-AI01-Arr       2022-11-17 10:48:26.427640 -3  
IOC_TEST:m0s001-AI01-Arr       2022-11-17 10:48:26.428675 -4  
IOC_TEST:m0s001-AI01-Arr       2022-11-17 10:48:26.429673 -3  
IOC_TEST:m0s001-AI01-Arr       2022-11-17 10:48:26.430674 -7  
IOC_TEST:m0s001-AI01-Arr       2022-11-17 10:48:26.431639 -3  
IOC_TEST:m0s001-AI01-Arr       2022-11-17 10:48:26.432669 -3  
IOC_TEST:m0s001-AI01-Arr       2022-11-17 10:48:26.433674 -3  
IOC_TEST:m0s001-AI01-Arr       2022-11-17 10:48:26.434669 -2  
