IOC_TEST:m0s001-AI01-Arr       2022-11-17 12:40:30.173495 0  
IOC_TEST:m0s001-AI01-Arr       2022-11-17 12:40:30.174517 0  
IOC_TEST:m0s001-AI01-Arr       2022-11-17 12:40:30.175510 0  
IOC_TEST:m0s001-AI01-Arr       2022-11-17 12:40:30.176493 -4  
IOC_TEST:m0s001-AI01-Arr       2022-11-17 12:40:30.177504 -2  
IOC_TEST:m0s001-AI01-Arr       2022-11-17 12:40:30.178490 1  
IOC_TEST:m0s001-AI01-Arr       2022-11-17 12:40:30.179489 -2  
IOC_TEST:m0s001-AI01-Arr       2022-11-17 12:40:30.180490 -4  
IOC_TEST:m0s001-AI01-Arr       2022-11-17 12:40:30.181490 -2  
IOC_TEST:m0s001-AI01-Arr       2022-11-17 12:40:30.182498 -4  
IOC_TEST:m0s001-AI01-Arr       2022-11-17 12:40:30.183497 -2  
IOC_TEST:m0s001-AI01-Arr       2022-11-17 12:40:30.184494 -3  
IOC_TEST:m0s001-AI01-Arr       2022-11-17 12:40:30.185508 -2  
IOC_TEST:m0s001-AI01-Arr       2022-11-17 12:40:30.186549 -4  
IOC_TEST:m0s001-AI01-Arr       2022-11-17 12:40:30.187499 -2  
IOC_TEST:m0s001-AI01-Arr       2022-11-17 12:40:30.188509 -2  
IOC_TEST:m0s001-AI01-Arr       2022-11-17 12:40:30.189506 -2  
IOC_TEST:m0s001-AI01-Arr       2022-11-17 12:40:30.190510 -3  
IOC_TEST:m0s001-AI01-Arr       2022-11-17 12:40:30.191554 -2  
IOC_TEST:m0s001-AI01-Arr       2022-11-17 12:40:30.192513 -2  
IOC_TEST:m0s001-AI01-Arr       2022-11-17 12:40:30.193506 -2  
IOC_TEST:m0s001-AI01-Arr       2022-11-17 12:40:30.194510 -3  
IOC_TEST:m0s001-AI01-Arr       2022-11-17 12:40:30.195568 -3  
IOC_TEST:m0s001-AI01-Arr       2022-11-17 12:40:30.196558 -2  
IOC_TEST:m0s001-AI01-Arr       2022-11-17 12:40:30.197526 0  
IOC_TEST:m0s001-AI01-Arr       2022-11-17 12:40:30.198631 0  
IOC_TEST:m0s001-AI01-Arr       2022-11-17 12:40:30.199508 -2  
IOC_TEST:m0s001-AI01-Arr       2022-11-17 12:40:30.200503 -2  
IOC_TEST:m0s001-AI01-Arr       2022-11-17 12:40:30.201497 0  
IOC_TEST:m0s001-AI01-Arr       2022-11-17 12:40:30.202503 1  
IOC_TEST:m0s001-AI01-Arr       2022-11-17 12:40:30.203503 0  
IOC_TEST:m0s001-AI01-Arr       2022-11-17 12:40:30.204497 -2  
IOC_TEST:m0s001-AI01-Arr       2022-11-17 12:40:30.205503 -3  
IOC_TEST:m0s001-AI01-Arr       2022-11-17 12:40:30.206504 -6  
IOC_TEST:m0s001-AI01-Arr       2022-11-17 12:40:30.207503 1  
IOC_TEST:m0s001-AI01-Arr       2022-11-17 12:40:30.208497 0  
IOC_TEST:m0s001-AI01-Arr       2022-11-17 12:40:30.209497 -3  
IOC_TEST:m0s001-AI01-Arr       2022-11-17 12:40:30.210503 0  
IOC_TEST:m0s001-AI01-Arr       2022-11-17 12:40:30.211497 -2  
IOC_TEST:m0s001-AI01-Arr       2022-11-17 12:40:30.212514 -4  
IOC_TEST:m0s001-AI01-Arr       2022-11-17 12:40:30.213495 0  
IOC_TEST:m0s001-AI01-Arr       2022-11-17 12:40:30.214493 -3  
IOC_TEST:m0s001-AI01-Arr       2022-11-17 12:40:30.215497 -4  
IOC_TEST:m0s001-AI01-Arr       2022-11-17 12:40:30.216495 -3  
IOC_TEST:m0s001-AI01-Arr       2022-11-17 12:40:30.217494 -4  
IOC_TEST:m0s001-AI01-Arr       2022-11-17 12:40:30.218490 -4  
IOC_TEST:m0s001-AI01-Arr       2022-11-17 12:40:30.219488 -3  
IOC_TEST:m0s001-AI01-Arr       2022-11-17 12:40:30.220486 1  
IOC_TEST:m0s001-AI01-Arr       2022-11-17 12:40:30.221489 -6  
IOC_TEST:m0s001-AI01-Arr       2022-11-17 12:40:30.222489 0  
IOC_TEST:m0s001-AI01-Arr       2022-11-17 12:40:30.223519 0  
IOC_TEST:m0s001-AI01-Arr       2022-11-17 12:40:30.224526 -3  
IOC_TEST:m0s001-AI01-Arr       2022-11-17 12:40:30.225555 -6  
IOC_TEST:m0s001-AI01-Arr       2022-11-17 12:40:30.226503 -2  
IOC_TEST:m0s001-AI01-Arr       2022-11-17 12:40:30.227501 -6  
IOC_TEST:m0s001-AI01-Arr       2022-11-17 12:40:30.228502 0  
IOC_TEST:m0s001-AI01-Arr       2022-11-17 12:40:30.229503 -2  
IOC_TEST:m0s001-AI01-Arr       2022-11-17 12:40:30.230501 0  
IOC_TEST:m0s001-AI01-Arr       2022-11-17 12:40:30.231501 -3  
IOC_TEST:m0s001-AI01-Arr       2022-11-17 12:40:30.232502 -2  
IOC_TEST:m0s001-AI01-Arr       2022-11-17 12:40:30.233501 0  
IOC_TEST:m0s001-AI01-Arr       2022-11-17 12:40:30.234502 1  
IOC_TEST:m0s001-AI01-Arr       2022-11-17 12:40:30.235504 0  
IOC_TEST:m0s001-AI01-Arr       2022-11-17 12:40:30.236502 0  
IOC_TEST:m0s001-AI01-Arr       2022-11-17 12:40:30.237501 0  
IOC_TEST:m0s001-AI01-Arr       2022-11-17 12:40:30.238501 1  
IOC_TEST:m0s001-AI01-Arr       2022-11-17 12:40:30.239501 -2  
IOC_TEST:m0s001-AI01-Arr       2022-11-17 12:40:30.240501 -3  
IOC_TEST:m0s001-AI01-Arr       2022-11-17 12:40:30.241501 -2  
IOC_TEST:m0s001-AI01-Arr       2022-11-17 12:40:30.242501 -3  
IOC_TEST:m0s001-AI01-Arr       2022-11-17 12:40:30.243504 1  
IOC_TEST:m0s001-AI01-Arr       2022-11-17 12:40:30.244492 0  
IOC_TEST:m0s001-AI01-Arr       2022-11-17 12:40:30.245518 -3  
IOC_TEST:m0s001-AI01-Arr       2022-11-17 12:40:30.246492 0  
IOC_TEST:m0s001-AI01-Arr       2022-11-17 12:40:30.247501 -3  
IOC_TEST:m0s001-AI01-Arr       2022-11-17 12:40:30.248497 -2  
IOC_TEST:m0s001-AI01-Arr       2022-11-17 12:40:30.249509 -2  
IOC_TEST:m0s001-AI01-Arr       2022-11-17 12:40:30.250493 -6  
IOC_TEST:m0s001-AI01-Arr       2022-11-17 12:40:30.251493 -2  
IOC_TEST:m0s001-AI01-Arr       2022-11-17 12:40:30.252490 0  
IOC_TEST:m0s001-AI01-Arr       2022-11-17 12:40:30.253492 -6  
IOC_TEST:m0s001-AI01-Arr       2022-11-17 12:40:30.254493 0  
IOC_TEST:m0s001-AI01-Arr       2022-11-17 12:40:30.255522 0  
IOC_TEST:m0s001-AI01-Arr       2022-11-17 12:40:30.256509 -6  
IOC_TEST:m0s001-AI01-Arr       2022-11-17 12:40:30.257496 0  
IOC_TEST:m0s001-AI01-Arr       2022-11-17 12:40:30.258492 -3  
IOC_TEST:m0s001-AI01-Arr       2022-11-17 12:40:30.259491 1  
IOC_TEST:m0s001-AI01-Arr       2022-11-17 12:40:30.260489 0  
IOC_TEST:m0s001-AI01-Arr       2022-11-17 12:40:30.261491 1  
IOC_TEST:m0s001-AI01-Arr       2022-11-17 12:40:30.262516 -2  
IOC_TEST:m0s001-AI01-Arr       2022-11-17 12:40:30.263489 -2  
IOC_TEST:m0s001-AI01-Arr       2022-11-17 12:40:30.264488 1  
IOC_TEST:m0s001-AI01-Arr       2022-11-17 12:40:30.265490 1  
IOC_TEST:m0s001-AI01-Arr       2022-11-17 12:40:30.266488 -3  
IOC_TEST:m0s001-AI01-Arr       2022-11-17 12:40:30.267488 -2  
IOC_TEST:m0s001-AI01-Arr       2022-11-17 12:40:30.268487 -2  
IOC_TEST:m0s001-AI01-Arr       2022-11-17 12:40:30.269487 1  
IOC_TEST:m0s001-AI01-Arr       2022-11-17 12:40:30.270490 -3  
IOC_TEST:m0s001-AI01-Arr       2022-11-17 12:40:30.271489 -2  
IOC_TEST:m0s001-AI01-Arr       2022-11-17 12:40:30.272487 -3  
IOC_TEST:m0s001-AI01-Arr       2022-11-17 12:40:30.273506 -2  
IOC_TEST:m0s001-AI01-Arr       2022-11-17 12:40:30.274490 0  
IOC_TEST:m0s001-AI01-Arr       2022-11-17 12:40:30.275504 0  
IOC_TEST:m0s001-AI01-Arr       2022-11-17 12:40:30.276492 -2  
IOC_TEST:m0s001-AI01-Arr       2022-11-17 12:40:30.277491 -3  
IOC_TEST:m0s001-AI01-Arr       2022-11-17 12:40:30.278494 0  
IOC_TEST:m0s001-AI01-Arr       2022-11-17 12:40:30.279496 -3  
IOC_TEST:m0s001-AI01-Arr       2022-11-17 12:40:30.280490 2  
IOC_TEST:m0s001-AI01-Arr       2022-11-17 12:40:30.281489 0  
IOC_TEST:m0s001-AI01-Arr       2022-11-17 12:40:30.282495 -4  
IOC_TEST:m0s001-AI01-Arr       2022-11-17 12:40:30.283493 -2  
IOC_TEST:m0s001-AI01-Arr       2022-11-17 12:40:30.284493 1  
IOC_TEST:m0s001-AI01-Arr       2022-11-17 12:40:30.285515 -2  
IOC_TEST:m0s001-AI01-Arr       2022-11-17 12:40:30.286519 -2  
IOC_TEST:m0s001-AI01-Arr       2022-11-17 12:40:30.287571 -3  
IOC_TEST:m0s001-AI01-Arr       2022-11-17 12:40:30.288554 -3  
IOC_TEST:m0s001-AI01-Arr       2022-11-17 12:40:30.289527 -2  
IOC_TEST:m0s001-AI01-Arr       2022-11-17 12:40:30.290514 -3  
IOC_TEST:m0s001-AI01-Arr       2022-11-17 12:40:30.291513 0  
IOC_TEST:m0s001-AI01-Arr       2022-11-17 12:40:30.292597 0  
IOC_TEST:m0s001-AI01-Arr       2022-11-17 12:40:30.293506 -2  
IOC_TEST:m0s001-AI01-Arr       2022-11-17 12:40:30.294512 0  
IOC_TEST:m0s001-AI01-Arr       2022-11-17 12:40:30.295511 0  
IOC_TEST:m0s001-AI01-Arr       2022-11-17 12:40:30.296539 -4  
IOC_TEST:m0s001-AI01-Arr       2022-11-17 12:40:30.297517 -3  
IOC_TEST:m0s001-AI01-Arr       2022-11-17 12:40:30.298515 1  
IOC_TEST:m0s001-AI01-Arr       2022-11-17 12:40:30.299546 -2  
IOC_TEST:m0s001-AI01-Arr       2022-11-17 12:40:30.300519 0  
IOC_TEST:m0s001-AI01-Arr       2022-11-17 12:40:30.301517 1  
IOC_TEST:m0s001-AI01-Arr       2022-11-17 12:40:30.302515 -6  
IOC_TEST:m0s001-AI01-Arr       2022-11-17 12:40:30.303518 1  
IOC_TEST:m0s001-AI01-Arr       2022-11-17 12:40:30.304514 -3  
IOC_TEST:m0s001-AI01-Arr       2022-11-17 12:40:30.305522 -2  
IOC_TEST:m0s001-AI01-Arr       2022-11-17 12:40:30.306522 -2  
IOC_TEST:m0s001-AI01-Arr       2022-11-17 12:40:30.307549 -3  
IOC_TEST:m0s001-AI01-Arr       2022-11-17 12:40:30.308545 -3  
IOC_TEST:m0s001-AI01-Arr       2022-11-17 12:40:30.309548 -2  
IOC_TEST:m0s001-AI01-Arr       2022-11-17 12:40:30.310584 0  
IOC_TEST:m0s001-AI01-Arr       2022-11-17 12:40:30.311602 -2  
IOC_TEST:m0s001-AI01-Arr       2022-11-17 12:40:30.312565 -4  
IOC_TEST:m0s001-AI01-Arr       2022-11-17 12:40:30.313544 -2  
IOC_TEST:m0s001-AI01-Arr       2022-11-17 12:40:30.314559 0  
IOC_TEST:m0s001-AI01-Arr       2022-11-17 12:40:30.315702 1  
IOC_TEST:m0s001-AI01-Arr       2022-11-17 12:40:30.316589 -2  
IOC_TEST:m0s001-AI01-Arr       2022-11-17 12:40:30.317543 -3  
IOC_TEST:m0s001-AI01-Arr       2022-11-17 12:40:30.318543 0  
IOC_TEST:m0s001-AI01-Arr       2022-11-17 12:40:30.319572 -3  
IOC_TEST:m0s001-AI01-Arr       2022-11-17 12:40:30.320616 1  
IOC_TEST:m0s001-AI01-Arr       2022-11-17 12:40:30.321543 0  
IOC_TEST:m0s001-AI01-Arr       2022-11-17 12:40:30.322541 0  
IOC_TEST:m0s001-AI01-Arr       2022-11-17 12:40:30.323536 0  
IOC_TEST:m0s001-AI01-Arr       2022-11-17 12:40:30.324538 0  
IOC_TEST:m0s001-AI01-Arr       2022-11-17 12:40:30.325514 -4  
IOC_TEST:m0s001-AI01-Arr       2022-11-17 12:40:30.326515 -3  
IOC_TEST:m0s001-AI01-Arr       2022-11-17 12:40:30.327512 -3  
IOC_TEST:m0s001-AI01-Arr       2022-11-17 12:40:30.328512 -2  
IOC_TEST:m0s001-AI01-Arr       2022-11-17 12:40:30.329512 0  
IOC_TEST:m0s001-AI01-Arr       2022-11-17 12:40:30.330512 0  
IOC_TEST:m0s001-AI01-Arr       2022-11-17 12:40:30.331512 0  
IOC_TEST:m0s001-AI01-Arr       2022-11-17 12:40:30.332511 -2  
IOC_TEST:m0s001-AI01-Arr       2022-11-17 12:40:30.333511 0  
IOC_TEST:m0s001-AI01-Arr       2022-11-17 12:40:30.334511 -3  
IOC_TEST:m0s001-AI01-Arr       2022-11-17 12:40:30.335512 -2  
IOC_TEST:m0s001-AI01-Arr       2022-11-17 12:40:30.336511 -3  
IOC_TEST:m0s001-AI01-Arr       2022-11-17 12:40:30.337512 -2  
IOC_TEST:m0s001-AI01-Arr       2022-11-17 12:40:30.338520 -2  
IOC_TEST:m0s001-AI01-Arr       2022-11-17 12:40:30.339515 -2  
IOC_TEST:m0s001-AI01-Arr       2022-11-17 12:40:30.340520 -3  
IOC_TEST:m0s001-AI01-Arr       2022-11-17 12:40:30.341523 1  
IOC_TEST:m0s001-AI01-Arr       2022-11-17 12:40:30.342521 -2  
IOC_TEST:m0s001-AI01-Arr       2022-11-17 12:40:30.343533 0  
IOC_TEST:m0s001-AI01-Arr       2022-11-17 12:40:30.344522 -3  
IOC_TEST:m0s001-AI01-Arr       2022-11-17 12:40:30.345525 -2  
IOC_TEST:m0s001-AI01-Arr       2022-11-17 12:40:30.346524 -3  
IOC_TEST:m0s001-AI01-Arr       2022-11-17 12:40:30.347524 -2  
IOC_TEST:m0s001-AI01-Arr       2022-11-17 12:40:30.348523 -3  
IOC_TEST:m0s001-AI01-Arr       2022-11-17 12:40:30.349522 -7  
IOC_TEST:m0s001-AI01-Arr       2022-11-17 12:40:30.350523 -4  
IOC_TEST:m0s001-AI01-Arr       2022-11-17 12:40:30.351524 0  
IOC_TEST:m0s001-AI01-Arr       2022-11-17 12:40:30.352541 -6  
IOC_TEST:m0s001-AI01-Arr       2022-11-17 12:40:30.353566 -3  
IOC_TEST:m0s001-AI01-Arr       2022-11-17 12:40:30.354524 0  
IOC_TEST:m0s001-AI01-Arr       2022-11-17 12:40:30.355523 0  
IOC_TEST:m0s001-AI01-Arr       2022-11-17 12:40:30.356523 0  
IOC_TEST:m0s001-AI01-Arr       2022-11-17 12:40:30.357515 -2  
IOC_TEST:m0s001-AI01-Arr       2022-11-17 12:40:30.358522 -4  
IOC_TEST:m0s001-AI01-Arr       2022-11-17 12:40:30.359609 -6  
IOC_TEST:m0s001-AI01-Arr       2022-11-17 12:40:30.360567 -2  
IOC_TEST:m0s001-AI01-Arr       2022-11-17 12:40:30.361572 -3  
IOC_TEST:m0s001-AI01-Arr       2022-11-17 12:40:30.362635 -3  
IOC_TEST:m0s001-AI01-Arr       2022-11-17 12:40:30.363522 -2  
IOC_TEST:m0s001-AI01-Arr       2022-11-17 12:40:30.364527 -2  
IOC_TEST:m0s001-AI01-Arr       2022-11-17 12:40:30.365528 -3  
IOC_TEST:m0s001-AI01-Arr       2022-11-17 12:40:30.366518 -3  
IOC_TEST:m0s001-AI01-Arr       2022-11-17 12:40:30.367528 0  
IOC_TEST:m0s001-AI01-Arr       2022-11-17 12:40:30.368518 0  
IOC_TEST:m0s001-AI01-Arr       2022-11-17 12:40:30.369522 -3  
IOC_TEST:m0s001-AI01-Arr       2022-11-17 12:40:30.370519 -3  
IOC_TEST:m0s001-AI01-Arr       2022-11-17 12:40:30.371519 -2  
IOC_TEST:m0s001-AI01-Arr       2022-11-17 12:40:30.372519 -6  
IOC_TEST:m0s001-AI01-Arr       2022-11-17 12:40:30.373604 -3  
IOC_TEST:m0s001-AI01-Arr       2022-11-17 12:40:30.374525 -2  
IOC_TEST:m0s001-AI01-Arr       2022-11-17 12:40:30.375522 -3  
IOC_TEST:m0s001-AI01-Arr       2022-11-17 12:40:30.376530 0  
IOC_TEST:m0s001-AI01-Arr       2022-11-17 12:40:30.377520 1  
IOC_TEST:m0s001-AI01-Arr       2022-11-17 12:40:30.378519 -4  
IOC_TEST:m0s001-AI01-Arr       2022-11-17 12:40:30.379519 -4  
IOC_TEST:m0s001-AI01-Arr       2022-11-17 12:40:30.380529 -3  
IOC_TEST:m0s001-AI01-Arr       2022-11-17 12:40:30.381519 -3  
IOC_TEST:m0s001-AI01-Arr       2022-11-17 12:40:30.382559 -3  
IOC_TEST:m0s001-AI01-Arr       2022-11-17 12:40:30.383527 -3  
IOC_TEST:m0s001-AI01-Arr       2022-11-17 12:40:30.384525 -4  
IOC_TEST:m0s001-AI01-Arr       2022-11-17 12:40:30.385542 -3  
IOC_TEST:m0s001-AI01-Arr       2022-11-17 12:40:30.386586 0  
IOC_TEST:m0s001-AI01-Arr       2022-11-17 12:40:30.387525 -6  
IOC_TEST:m0s001-AI01-Arr       2022-11-17 12:40:30.388524 -2  
IOC_TEST:m0s001-AI01-Arr       2022-11-17 12:40:30.389523 2  
IOC_TEST:m0s001-AI01-Arr       2022-11-17 12:40:30.390523 -3  
IOC_TEST:m0s001-AI01-Arr       2022-11-17 12:40:30.391533 2  
IOC_TEST:m0s001-AI01-Arr       2022-11-17 12:40:30.392522 1  
IOC_TEST:m0s001-AI01-Arr       2022-11-17 12:40:30.393657 -2  
IOC_TEST:m0s001-AI01-Arr       2022-11-17 12:40:30.394529 -3  
IOC_TEST:m0s001-AI01-Arr       2022-11-17 12:40:30.395523 -3  
IOC_TEST:m0s001-AI01-Arr       2022-11-17 12:40:30.396534 -2  
IOC_TEST:m0s001-AI01-Arr       2022-11-17 12:40:30.397583 -3  
IOC_TEST:m0s001-AI01-Arr       2022-11-17 12:40:30.398583 1  
IOC_TEST:m0s001-AI01-Arr       2022-11-17 12:40:30.399610 0  
IOC_TEST:m0s001-AI01-Arr       2022-11-17 12:40:30.400529 -2  
IOC_TEST:m0s001-AI01-Arr       2022-11-17 12:40:30.401603 -3  
IOC_TEST:m0s001-AI01-Arr       2022-11-17 12:40:30.402525 1  
IOC_TEST:m0s001-AI01-Arr       2022-11-17 12:40:30.403607 -3  
IOC_TEST:m0s001-AI01-Arr       2022-11-17 12:40:30.404539 -3  
IOC_TEST:m0s001-AI01-Arr       2022-11-17 12:40:30.405599 0  
IOC_TEST:m0s001-AI01-Arr       2022-11-17 12:40:30.406592 1  
IOC_TEST:m0s001-AI01-Arr       2022-11-17 12:40:30.407562 -3  
IOC_TEST:m0s001-AI01-Arr       2022-11-17 12:40:30.408570 -3  
IOC_TEST:m0s001-AI01-Arr       2022-11-17 12:40:30.409542 0  
IOC_TEST:m0s001-AI01-Arr       2022-11-17 12:40:30.410540 -3  
IOC_TEST:m0s001-AI01-Arr       2022-11-17 12:40:30.411534 0  
IOC_TEST:m0s001-AI01-Arr       2022-11-17 12:40:30.412543 0  
IOC_TEST:m0s001-AI01-Arr       2022-11-17 12:40:30.413539 0  
IOC_TEST:m0s001-AI01-Arr       2022-11-17 12:40:30.414540 1  
IOC_TEST:m0s001-AI01-Arr       2022-11-17 12:40:30.415540 0  
IOC_TEST:m0s001-AI01-Arr       2022-11-17 12:40:30.416598 -2  
IOC_TEST:m0s001-AI01-Arr       2022-11-17 12:40:30.417585 -3  
IOC_TEST:m0s001-AI01-Arr       2022-11-17 12:40:30.418593 -3  
IOC_TEST:m0s001-AI01-Arr       2022-11-17 12:40:30.419541 -2  
IOC_TEST:m0s001-AI01-Arr       2022-11-17 12:40:30.420540 0  
IOC_TEST:m0s001-AI01-Arr       2022-11-17 12:40:30.421537 -2  
IOC_TEST:m0s001-AI01-Arr       2022-11-17 12:40:30.422594 0  
IOC_TEST:m0s001-AI01-Arr       2022-11-17 12:40:30.423594 -3  
IOC_TEST:m0s001-AI01-Arr       2022-11-17 12:40:30.424543 0  
IOC_TEST:m0s001-AI01-Arr       2022-11-17 12:40:30.425576 -3  
IOC_TEST:m0s001-AI01-Arr       2022-11-17 12:40:30.426602 0  
IOC_TEST:m0s001-AI01-Arr       2022-11-17 12:40:30.427594 -3  
IOC_TEST:m0s001-AI01-Arr       2022-11-17 12:40:30.428593 -4  
IOC_TEST:m0s001-AI01-Arr       2022-11-17 12:40:30.429594 -2  
IOC_TEST:m0s001-AI01-Arr       2022-11-17 12:40:30.430605 -6  
IOC_TEST:m0s001-AI01-Arr       2022-11-17 12:40:30.431600 0  
IOC_TEST:m0s001-AI01-Arr       2022-11-17 12:40:30.432573 0  
IOC_TEST:m0s001-AI01-Arr       2022-11-17 12:40:30.433572 -2  
IOC_TEST:m0s001-AI01-Arr       2022-11-17 12:40:30.434568 0  
IOC_TEST:m0s001-AI01-Arr       2022-11-17 12:40:30.435599 1  
IOC_TEST:m0s001-AI01-Arr       2022-11-17 12:40:30.436595 -2  
IOC_TEST:m0s001-AI01-Arr       2022-11-17 12:40:30.437595 0  
IOC_TEST:m0s001-AI01-Arr       2022-11-17 12:40:30.438600 -2  
IOC_TEST:m0s001-AI01-Arr       2022-11-17 12:40:30.439597 -4  
IOC_TEST:m0s001-AI01-Arr       2022-11-17 12:40:30.440572 -6  
IOC_TEST:m0s001-AI01-Arr       2022-11-17 12:40:30.441597 1  
IOC_TEST:m0s001-AI01-Arr       2022-11-17 12:40:30.442571 -3  
IOC_TEST:m0s001-AI01-Arr       2022-11-17 12:40:30.443568 0  
IOC_TEST:m0s001-AI01-Arr       2022-11-17 12:40:30.444565 -3  
IOC_TEST:m0s001-AI01-Arr       2022-11-17 12:40:30.445669 -3  
IOC_TEST:m0s001-AI01-Arr       2022-11-17 12:40:30.446665 0  
IOC_TEST:m0s001-AI01-Arr       2022-11-17 12:40:30.447608 1  
IOC_TEST:m0s001-AI01-Arr       2022-11-17 12:40:30.448606 0  
IOC_TEST:m0s001-AI01-Arr       2022-11-17 12:40:30.449754 -3  
IOC_TEST:m0s001-AI01-Arr       2022-11-17 12:40:30.450644 0  
IOC_TEST:m0s001-AI01-Arr       2022-11-17 12:40:30.451646 -2  
IOC_TEST:m0s001-AI01-Arr       2022-11-17 12:40:30.452609 2  
IOC_TEST:m0s001-AI01-Arr       2022-11-17 12:40:30.453594 -3  
IOC_TEST:m0s001-AI01-Arr       2022-11-17 12:40:30.454592 -2  
IOC_TEST:m0s001-AI01-Arr       2022-11-17 12:40:30.455590 -2  
IOC_TEST:m0s001-AI01-Arr       2022-11-17 12:40:30.456591 -3  
IOC_TEST:m0s001-AI01-Arr       2022-11-17 12:40:30.457590 1  
IOC_TEST:m0s001-AI01-Arr       2022-11-17 12:40:30.458579 -4  
IOC_TEST:m0s001-AI01-Arr       2022-11-17 12:40:30.459590 -4  
IOC_TEST:m0s001-AI01-Arr       2022-11-17 12:40:30.460562 0  
IOC_TEST:m0s001-AI01-Arr       2022-11-17 12:40:30.461589 -2  
IOC_TEST:m0s001-AI01-Arr       2022-11-17 12:40:30.462617 -3  
IOC_TEST:m0s001-AI01-Arr       2022-11-17 12:40:30.463548 0  
IOC_TEST:m0s001-AI01-Arr       2022-11-17 12:40:30.464565 -2  
IOC_TEST:m0s001-AI01-Arr       2022-11-17 12:40:30.465606 1  
IOC_TEST:m0s001-AI01-Arr       2022-11-17 12:40:30.466593 -2  
IOC_TEST:m0s001-AI01-Arr       2022-11-17 12:40:30.467601 0  
IOC_TEST:m0s001-AI01-Arr       2022-11-17 12:40:30.468598 -3  
IOC_TEST:m0s001-AI01-Arr       2022-11-17 12:40:30.469614 0  
IOC_TEST:m0s001-AI01-Arr       2022-11-17 12:40:30.470606 0  
IOC_TEST:m0s001-AI01-Arr       2022-11-17 12:40:30.471619 -4  
IOC_TEST:m0s001-AI01-Arr       2022-11-17 12:40:30.472623 -4  
IOC_TEST:m0s001-AI01-Arr       2022-11-17 12:40:30.473609 1  
IOC_TEST:m0s001-AI01-Arr       2022-11-17 12:40:30.474632 0  
IOC_TEST:m0s001-AI01-Arr       2022-11-17 12:40:30.475608 1  
IOC_TEST:m0s001-AI01-Arr       2022-11-17 12:40:30.476605 -4  
IOC_TEST:m0s001-AI01-Arr       2022-11-17 12:40:30.477603 0  
IOC_TEST:m0s001-AI01-Arr       2022-11-17 12:40:30.478603 -2  
IOC_TEST:m0s001-AI01-Arr       2022-11-17 12:40:30.479587 -7  
IOC_TEST:m0s001-AI01-Arr       2022-11-17 12:40:30.480605 0  
IOC_TEST:m0s001-AI01-Arr       2022-11-17 12:40:30.481609 1  
IOC_TEST:m0s001-AI01-Arr       2022-11-17 12:40:30.482618 -3  
IOC_TEST:m0s001-AI01-Arr       2022-11-17 12:40:30.483616 2  
IOC_TEST:m0s001-AI01-Arr       2022-11-17 12:40:30.484641 0  
IOC_TEST:m0s001-AI01-Arr       2022-11-17 12:40:30.485596 -2  
IOC_TEST:m0s001-AI01-Arr       2022-11-17 12:40:30.486596 3  
IOC_TEST:m0s001-AI01-Arr       2022-11-17 12:40:30.487594 1  
IOC_TEST:m0s001-AI01-Arr       2022-11-17 12:40:30.488592 -3  
IOC_TEST:m0s001-AI01-Arr       2022-11-17 12:40:30.489592 -2  
IOC_TEST:m0s001-AI01-Arr       2022-11-17 12:40:30.490594 -4  
IOC_TEST:m0s001-AI01-Arr       2022-11-17 12:40:30.491592 -2  
IOC_TEST:m0s001-AI01-Arr       2022-11-17 12:40:30.492593 0  
IOC_TEST:m0s001-AI01-Arr       2022-11-17 12:40:30.493591 0  
IOC_TEST:m0s001-AI01-Arr       2022-11-17 12:40:30.494767 -4  
IOC_TEST:m0s001-AI01-Arr       2022-11-17 12:40:30.495552 0  
IOC_TEST:m0s001-AI01-Arr       2022-11-17 12:40:30.496546 0  
IOC_TEST:m0s001-AI01-Arr       2022-11-17 12:40:30.497557 -3  
IOC_TEST:m0s001-AI01-Arr       2022-11-17 12:40:30.498589 -3  
IOC_TEST:m0s001-AI01-Arr       2022-11-17 12:40:30.499559 -3  
IOC_TEST:m0s001-AI01-Arr       2022-11-17 12:40:30.500597 -2  
IOC_TEST:m0s001-AI01-Arr       2022-11-17 12:40:30.501595 -3  
IOC_TEST:m0s001-AI01-Arr       2022-11-17 12:40:30.502601 0  
IOC_TEST:m0s001-AI01-Arr       2022-11-17 12:40:30.503624 -3  
IOC_TEST:m0s001-AI01-Arr       2022-11-17 12:40:30.504623 -2  
IOC_TEST:m0s001-AI01-Arr       2022-11-17 12:40:30.505630 -4  
IOC_TEST:m0s001-AI01-Arr       2022-11-17 12:40:30.506634 -2  
IOC_TEST:m0s001-AI01-Arr       2022-11-17 12:40:30.507613 -2  
IOC_TEST:m0s001-AI01-Arr       2022-11-17 12:40:30.508606 -2  
IOC_TEST:m0s001-AI01-Arr       2022-11-17 12:40:30.509604 -4  
IOC_TEST:m0s001-AI01-Arr       2022-11-17 12:40:30.510575 -3  
IOC_TEST:m0s001-AI01-Arr       2022-11-17 12:40:30.511601 -2  
IOC_TEST:m0s001-AI01-Arr       2022-11-17 12:40:30.512602 -3  
IOC_TEST:m0s001-AI01-Arr       2022-11-17 12:40:30.513602 1  
IOC_TEST:m0s001-AI01-Arr       2022-11-17 12:40:30.514603 -2  
IOC_TEST:m0s001-AI01-Arr       2022-11-17 12:40:30.515657 -4  
IOC_TEST:m0s001-AI01-Arr       2022-11-17 12:40:30.516642 -2  
IOC_TEST:m0s001-AI01-Arr       2022-11-17 12:40:30.517616 -6  
IOC_TEST:m0s001-AI01-Arr       2022-11-17 12:40:30.518603 0  
IOC_TEST:m0s001-AI01-Arr       2022-11-17 12:40:30.519590 -2  
IOC_TEST:m0s001-AI01-Arr       2022-11-17 12:40:30.520602 -6  
IOC_TEST:m0s001-AI01-Arr       2022-11-17 12:40:30.521591 -2  
IOC_TEST:m0s001-AI01-Arr       2022-11-17 12:40:30.522590 -2  
IOC_TEST:m0s001-AI01-Arr       2022-11-17 12:40:30.523594 -3  
IOC_TEST:m0s001-AI01-Arr       2022-11-17 12:40:30.524558 -2  
IOC_TEST:m0s001-AI01-Arr       2022-11-17 12:40:30.525627 -3  
IOC_TEST:m0s001-AI01-Arr       2022-11-17 12:40:30.526608 -2  
IOC_TEST:m0s001-AI01-Arr       2022-11-17 12:40:30.527605 -3  
IOC_TEST:m0s001-AI01-Arr       2022-11-17 12:40:30.528606 -2  
IOC_TEST:m0s001-AI01-Arr       2022-11-17 12:40:30.529607 -6  
IOC_TEST:m0s001-AI01-Arr       2022-11-17 12:40:30.530607 -4  
IOC_TEST:m0s001-AI01-Arr       2022-11-17 12:40:30.531619 -3  
IOC_TEST:m0s001-AI01-Arr       2022-11-17 12:40:30.532632 0  
IOC_TEST:m0s001-AI01-Arr       2022-11-17 12:40:30.533622 1  
IOC_TEST:m0s001-AI01-Arr       2022-11-17 12:40:30.534604 0  
IOC_TEST:m0s001-AI01-Arr       2022-11-17 12:40:30.535639 -3  
IOC_TEST:m0s001-AI01-Arr       2022-11-17 12:40:30.536567 -2  
IOC_TEST:m0s001-AI01-Arr       2022-11-17 12:40:30.537571 0  
IOC_TEST:m0s001-AI01-Arr       2022-11-17 12:40:30.538568 1  
IOC_TEST:m0s001-AI01-Arr       2022-11-17 12:40:30.539617 -2  
IOC_TEST:m0s001-AI01-Arr       2022-11-17 12:40:30.540563 -3  
IOC_TEST:m0s001-AI01-Arr       2022-11-17 12:40:30.541541 -2  
IOC_TEST:m0s001-AI01-Arr       2022-11-17 12:40:30.542537 -3  
IOC_TEST:m0s001-AI01-Arr       2022-11-17 12:40:30.543540 -3  
IOC_TEST:m0s001-AI01-Arr       2022-11-17 12:40:30.544540 1  
IOC_TEST:m0s001-AI01-Arr       2022-11-17 12:40:30.545540 -6  
IOC_TEST:m0s001-AI01-Arr       2022-11-17 12:40:30.546602 -3  
IOC_TEST:m0s001-AI01-Arr       2022-11-17 12:40:30.547567 -3  
IOC_TEST:m0s001-AI01-Arr       2022-11-17 12:40:30.548563 0  
IOC_TEST:m0s001-AI01-Arr       2022-11-17 12:40:30.549571 -2  
IOC_TEST:m0s001-AI01-Arr       2022-11-17 12:40:30.550639 1  
IOC_TEST:m0s001-AI01-Arr       2022-11-17 12:40:30.551541 -3  
IOC_TEST:m0s001-AI01-Arr       2022-11-17 12:40:30.552536 -3  
IOC_TEST:m0s001-AI01-Arr       2022-11-17 12:40:30.553534 0  
IOC_TEST:m0s001-AI01-Arr       2022-11-17 12:40:30.554534 1  
IOC_TEST:m0s001-AI01-Arr       2022-11-17 12:40:30.555533 -7  
IOC_TEST:m0s001-AI01-Arr       2022-11-17 12:40:30.556532 -3  
IOC_TEST:m0s001-AI01-Arr       2022-11-17 12:40:30.557530 -2  
IOC_TEST:m0s001-AI01-Arr       2022-11-17 12:40:30.558534 -4  
IOC_TEST:m0s001-AI01-Arr       2022-11-17 12:40:30.559605 -2  
IOC_TEST:m0s001-AI01-Arr       2022-11-17 12:40:30.560605 -2  
IOC_TEST:m0s001-AI01-Arr       2022-11-17 12:40:30.561623 -7  
IOC_TEST:m0s001-AI01-Arr       2022-11-17 12:40:30.562621 0  
IOC_TEST:m0s001-AI01-Arr       2022-11-17 12:40:30.563555 -2  
IOC_TEST:m0s001-AI01-Arr       2022-11-17 12:40:30.564574 -3  
IOC_TEST:m0s001-AI01-Arr       2022-11-17 12:40:30.565548 -2  
IOC_TEST:m0s001-AI01-Arr       2022-11-17 12:40:30.566589 -2  
IOC_TEST:m0s001-AI01-Arr       2022-11-17 12:40:30.567591 -2  
IOC_TEST:m0s001-AI01-Arr       2022-11-17 12:40:30.568596 -3  
IOC_TEST:m0s001-AI01-Arr       2022-11-17 12:40:30.569590 1  
IOC_TEST:m0s001-AI01-Arr       2022-11-17 12:40:30.570605 -3  
IOC_TEST:m0s001-AI01-Arr       2022-11-17 12:40:30.571596 -2  
IOC_TEST:m0s001-AI01-Arr       2022-11-17 12:40:30.572614 -3  
IOC_TEST:m0s001-AI01-Arr       2022-11-17 12:40:30.573597 0  
IOC_TEST:m0s001-AI01-Arr       2022-11-17 12:40:30.574594 0  
IOC_TEST:m0s001-AI01-Arr       2022-11-17 12:40:30.575544 -8  
IOC_TEST:m0s001-AI01-Arr       2022-11-17 12:40:30.576557 0  
IOC_TEST:m0s001-AI01-Arr       2022-11-17 12:40:30.577587 -2  
IOC_TEST:m0s001-AI01-Arr       2022-11-17 12:40:30.578625 -4  
IOC_TEST:m0s001-AI01-Arr       2022-11-17 12:40:30.579666 -3  
IOC_TEST:m0s001-AI01-Arr       2022-11-17 12:40:30.580669 -3  
IOC_TEST:m0s001-AI01-Arr       2022-11-17 12:40:30.581630 -6  
IOC_TEST:m0s001-AI01-Arr       2022-11-17 12:40:30.582603 -3  
IOC_TEST:m0s001-AI01-Arr       2022-11-17 12:40:30.583608 -2  
IOC_TEST:m0s001-AI01-Arr       2022-11-17 12:40:30.584599 -6  
IOC_TEST:m0s001-AI01-Arr       2022-11-17 12:40:30.585607 -2  
IOC_TEST:m0s001-AI01-Arr       2022-11-17 12:40:30.586599 -3  
IOC_TEST:m0s001-AI01-Arr       2022-11-17 12:40:30.587600 -6  
IOC_TEST:m0s001-AI01-Arr       2022-11-17 12:40:30.588599 -2  
IOC_TEST:m0s001-AI01-Arr       2022-11-17 12:40:30.589594 -2  
IOC_TEST:m0s001-AI01-Arr       2022-11-17 12:40:30.590594 -3  
IOC_TEST:m0s001-AI01-Arr       2022-11-17 12:40:30.591594 -2  
IOC_TEST:m0s001-AI01-Arr       2022-11-17 12:40:30.592594 0  
IOC_TEST:m0s001-AI01-Arr       2022-11-17 12:40:30.593592 -3  
IOC_TEST:m0s001-AI01-Arr       2022-11-17 12:40:30.594594 -2  
IOC_TEST:m0s001-AI01-Arr       2022-11-17 12:40:30.595752 -3  
IOC_TEST:m0s001-AI01-Arr       2022-11-17 12:40:30.596542 -2  
IOC_TEST:m0s001-AI01-Arr       2022-11-17 12:40:30.597540 -3  
IOC_TEST:m0s001-AI01-Arr       2022-11-17 12:40:30.598540 -4  
IOC_TEST:m0s001-AI01-Arr       2022-11-17 12:40:30.599602 -3  
IOC_TEST:m0s001-AI01-Arr       2022-11-17 12:40:30.600599 0  
IOC_TEST:m0s001-AI01-Arr       2022-11-17 12:40:30.601570 -4  
IOC_TEST:m0s001-AI01-Arr       2022-11-17 12:40:30.602566 -4  
IOC_TEST:m0s001-AI01-Arr       2022-11-17 12:40:30.603604 -4  
IOC_TEST:m0s001-AI01-Arr       2022-11-17 12:40:30.604571 -3  
IOC_TEST:m0s001-AI01-Arr       2022-11-17 12:40:30.605582 1  
IOC_TEST:m0s001-AI01-Arr       2022-11-17 12:40:30.606566 -2  
IOC_TEST:m0s001-AI01-Arr       2022-11-17 12:40:30.607539 -3  
IOC_TEST:m0s001-AI01-Arr       2022-11-17 12:40:30.608560 1  
IOC_TEST:m0s001-AI01-Arr       2022-11-17 12:40:30.609595 -3  
IOC_TEST:m0s001-AI01-Arr       2022-11-17 12:40:30.610598 -3  
IOC_TEST:m0s001-AI01-Arr       2022-11-17 12:40:30.611594 -3  
IOC_TEST:m0s001-AI01-Arr       2022-11-17 12:40:30.612597 -3  
IOC_TEST:m0s001-AI01-Arr       2022-11-17 12:40:30.613594 -3  
IOC_TEST:m0s001-AI01-Arr       2022-11-17 12:40:30.614598 -2  
IOC_TEST:m0s001-AI01-Arr       2022-11-17 12:40:30.615671 -2  
IOC_TEST:m0s001-AI01-Arr       2022-11-17 12:40:30.616537 -6  
IOC_TEST:m0s001-AI01-Arr       2022-11-17 12:40:30.617535 -3  
IOC_TEST:m0s001-AI01-Arr       2022-11-17 12:40:30.618532 -4  
IOC_TEST:m0s001-AI01-Arr       2022-11-17 12:40:30.619534 -3  
IOC_TEST:m0s001-AI01-Arr       2022-11-17 12:40:30.620534 -2  
IOC_TEST:m0s001-AI01-Arr       2022-11-17 12:40:30.621535 -4  
IOC_TEST:m0s001-AI01-Arr       2022-11-17 12:40:30.622535 -3  
IOC_TEST:m0s001-AI01-Arr       2022-11-17 12:40:30.623622 -3  
IOC_TEST:m0s001-AI01-Arr       2022-11-17 12:40:30.624541 2  
IOC_TEST:m0s001-AI01-Arr       2022-11-17 12:40:30.625608 -6  
IOC_TEST:m0s001-AI01-Arr       2022-11-17 12:40:30.626537 -2  
IOC_TEST:m0s001-AI01-Arr       2022-11-17 12:40:30.627532 -6  
IOC_TEST:m0s001-AI01-Arr       2022-11-17 12:40:30.628533 0  
IOC_TEST:m0s001-AI01-Arr       2022-11-17 12:40:30.629534 -2  
IOC_TEST:m0s001-AI01-Arr       2022-11-17 12:40:30.630534 -3  
IOC_TEST:m0s001-AI01-Arr       2022-11-17 12:40:30.631534 -2  
IOC_TEST:m0s001-AI01-Arr       2022-11-17 12:40:30.632561 -3  
IOC_TEST:m0s001-AI01-Arr       2022-11-17 12:40:30.633563 -6  
IOC_TEST:m0s001-AI01-Arr       2022-11-17 12:40:30.634598 0  
IOC_TEST:m0s001-AI01-Arr       2022-11-17 12:40:30.635602 0  
IOC_TEST:m0s001-AI01-Arr       2022-11-17 12:40:30.636589 -3  
IOC_TEST:m0s001-AI01-Arr       2022-11-17 12:40:30.637566 0  
IOC_TEST:m0s001-AI01-Arr       2022-11-17 12:40:30.638592 -3  
IOC_TEST:m0s001-AI01-Arr       2022-11-17 12:40:30.639583 -4  
IOC_TEST:m0s001-AI01-Arr       2022-11-17 12:40:30.640581 -3  
IOC_TEST:m0s001-AI01-Arr       2022-11-17 12:40:30.641581 -6  
IOC_TEST:m0s001-AI01-Arr       2022-11-17 12:40:30.642582 -6  
IOC_TEST:m0s001-AI01-Arr       2022-11-17 12:40:30.643586 -3  
IOC_TEST:m0s001-AI01-Arr       2022-11-17 12:40:30.644581 -4  
IOC_TEST:m0s001-AI01-Arr       2022-11-17 12:40:30.645580 -3  
IOC_TEST:m0s001-AI01-Arr       2022-11-17 12:40:30.646599 -3  
IOC_TEST:m0s001-AI01-Arr       2022-11-17 12:40:30.647569 0  
IOC_TEST:m0s001-AI01-Arr       2022-11-17 12:40:30.648581 -3  
IOC_TEST:m0s001-AI01-Arr       2022-11-17 12:40:30.649549 1  
IOC_TEST:m0s001-AI01-Arr       2022-11-17 12:40:30.650548 -2  
IOC_TEST:m0s001-AI01-Arr       2022-11-17 12:40:30.651543 -4  
IOC_TEST:m0s001-AI01-Arr       2022-11-17 12:40:30.652547 -3  
IOC_TEST:m0s001-AI01-Arr       2022-11-17 12:40:30.653545 6  
IOC_TEST:m0s001-AI01-Arr       2022-11-17 12:40:30.654546 1  
IOC_TEST:m0s001-AI01-Arr       2022-11-17 12:40:30.655593 -2  
IOC_TEST:m0s001-AI01-Arr       2022-11-17 12:40:30.656553 -2  
IOC_TEST:m0s001-AI01-Arr       2022-11-17 12:40:30.657551 -3  
IOC_TEST:m0s001-AI01-Arr       2022-11-17 12:40:30.658551 3  
IOC_TEST:m0s001-AI01-Arr       2022-11-17 12:40:30.659551 0  
IOC_TEST:m0s001-AI01-Arr       2022-11-17 12:40:30.660550 1  
IOC_TEST:m0s001-AI01-Arr       2022-11-17 12:40:30.661551 0  
IOC_TEST:m0s001-AI01-Arr       2022-11-17 12:40:30.662655 0  
IOC_TEST:m0s001-AI01-Arr       2022-11-17 12:40:30.663541 1  
IOC_TEST:m0s001-AI01-Arr       2022-11-17 12:40:30.664583 -2  
IOC_TEST:m0s001-AI01-Arr       2022-11-17 12:40:30.665583 -3  
IOC_TEST:m0s001-AI01-Arr       2022-11-17 12:40:30.666591 -2  
IOC_TEST:m0s001-AI01-Arr       2022-11-17 12:40:30.667608 -3  
IOC_TEST:m0s001-AI01-Arr       2022-11-17 12:40:30.668556 -6  
IOC_TEST:m0s001-AI01-Arr       2022-11-17 12:40:30.669554 -4  
IOC_TEST:m0s001-AI01-Arr       2022-11-17 12:40:30.670556 0  
IOC_TEST:m0s001-AI01-Arr       2022-11-17 12:40:30.671566 -3  
IOC_TEST:m0s001-AI01-Arr       2022-11-17 12:40:30.672544 -3  
IOC_TEST:m0s001-AI01-Arr       2022-11-17 12:40:30.673553 0  
IOC_TEST:m0s001-AI01-Arr       2022-11-17 12:40:30.674553 -4  
IOC_TEST:m0s001-AI01-Arr       2022-11-17 12:40:30.675597 0  
IOC_TEST:m0s001-AI01-Arr       2022-11-17 12:40:30.676619 -3  
IOC_TEST:m0s001-AI01-Arr       2022-11-17 12:40:30.677587 -4  
IOC_TEST:m0s001-AI01-Arr       2022-11-17 12:40:30.678582 -2  
IOC_TEST:m0s001-AI01-Arr       2022-11-17 12:40:30.679554 -6  
IOC_TEST:m0s001-AI01-Arr       2022-11-17 12:40:30.680582 -4  
IOC_TEST:m0s001-AI01-Arr       2022-11-17 12:40:30.681585 -6  
IOC_TEST:m0s001-AI01-Arr       2022-11-17 12:40:30.682550 0  
IOC_TEST:m0s001-AI01-Arr       2022-11-17 12:40:30.683547 -2  
IOC_TEST:m0s001-AI01-Arr       2022-11-17 12:40:30.684546 -3  
IOC_TEST:m0s001-AI01-Arr       2022-11-17 12:40:30.685545 1  
IOC_TEST:m0s001-AI01-Arr       2022-11-17 12:40:30.686555 -2  
IOC_TEST:m0s001-AI01-Arr       2022-11-17 12:40:30.687551 -3  
IOC_TEST:m0s001-AI01-Arr       2022-11-17 12:40:30.688601 -2  
IOC_TEST:m0s001-AI01-Arr       2022-11-17 12:40:30.689560 0  
IOC_TEST:m0s001-AI01-Arr       2022-11-17 12:40:30.690601 -2  
IOC_TEST:m0s001-AI01-Arr       2022-11-17 12:40:30.691626 -3  
IOC_TEST:m0s001-AI01-Arr       2022-11-17 12:40:30.692620 -3  
IOC_TEST:m0s001-AI01-Arr       2022-11-17 12:40:30.693623 -2  
IOC_TEST:m0s001-AI01-Arr       2022-11-17 12:40:30.694625 0  
IOC_TEST:m0s001-AI01-Arr       2022-11-17 12:40:30.695625 1  
IOC_TEST:m0s001-AI01-Arr       2022-11-17 12:40:30.697836 1  
IOC_TEST:m0s001-AI01-Arr       2022-11-17 12:40:30.697938 -2  
IOC_TEST:m0s001-AI01-Arr       2022-11-17 12:40:30.698573 0  
IOC_TEST:m0s001-AI01-Arr       2022-11-17 12:40:30.699567 -2  
IOC_TEST:m0s001-AI01-Arr       2022-11-17 12:40:30.700562 -3  
IOC_TEST:m0s001-AI01-Arr       2022-11-17 12:40:30.701617 1  
IOC_TEST:m0s001-AI01-Arr       2022-11-17 12:40:30.702610 0  
IOC_TEST:m0s001-AI01-Arr       2022-11-17 12:40:30.703609 -3  
IOC_TEST:m0s001-AI01-Arr       2022-11-17 12:40:30.704620 -3  
IOC_TEST:m0s001-AI01-Arr       2022-11-17 12:40:30.705604 1  
IOC_TEST:m0s001-AI01-Arr       2022-11-17 12:40:30.706600 -3  
IOC_TEST:m0s001-AI01-Arr       2022-11-17 12:40:30.707601 -3  
IOC_TEST:m0s001-AI01-Arr       2022-11-17 12:40:30.708563 -2  
IOC_TEST:m0s001-AI01-Arr       2022-11-17 12:40:30.709599 -3  
IOC_TEST:m0s001-AI01-Arr       2022-11-17 12:40:30.710561 0  
IOC_TEST:m0s001-AI01-Arr       2022-11-17 12:40:30.711622 -3  
IOC_TEST:m0s001-AI01-Arr       2022-11-17 12:40:30.712574 -2  
IOC_TEST:m0s001-AI01-Arr       2022-11-17 12:40:30.713579 0  
IOC_TEST:m0s001-AI01-Arr       2022-11-17 12:40:30.714583 0  
IOC_TEST:m0s001-AI01-Arr       2022-11-17 12:40:30.715556 2  
IOC_TEST:m0s001-AI01-Arr       2022-11-17 12:40:30.716554 -2  
IOC_TEST:m0s001-AI01-Arr       2022-11-17 12:40:30.717554 -3  
IOC_TEST:m0s001-AI01-Arr       2022-11-17 12:40:30.718552 -4  
IOC_TEST:m0s001-AI01-Arr       2022-11-17 12:40:30.719552 0  
IOC_TEST:m0s001-AI01-Arr       2022-11-17 12:40:30.720553 -3  
IOC_TEST:m0s001-AI01-Arr       2022-11-17 12:40:30.721552 0  
IOC_TEST:m0s001-AI01-Arr       2022-11-17 12:40:30.722552 1  
IOC_TEST:m0s001-AI01-Arr       2022-11-17 12:40:30.723553 -3  
IOC_TEST:m0s001-AI01-Arr       2022-11-17 12:40:30.724554 0  
IOC_TEST:m0s001-AI01-Arr       2022-11-17 12:40:30.725553 -2  
IOC_TEST:m0s001-AI01-Arr       2022-11-17 12:40:30.726553 -6  
IOC_TEST:m0s001-AI01-Arr       2022-11-17 12:40:30.727551 0  
IOC_TEST:m0s001-AI01-Arr       2022-11-17 12:40:30.728552 -3  
IOC_TEST:m0s001-AI01-Arr       2022-11-17 12:40:30.729551 -2  
IOC_TEST:m0s001-AI01-Arr       2022-11-17 12:40:30.730554 1  
IOC_TEST:m0s001-AI01-Arr       2022-11-17 12:40:30.731554 0  
IOC_TEST:m0s001-AI01-Arr       2022-11-17 12:40:30.732554 -3  
IOC_TEST:m0s001-AI01-Arr       2022-11-17 12:40:30.733553 -3  
IOC_TEST:m0s001-AI01-Arr       2022-11-17 12:40:30.734552 -3  
IOC_TEST:m0s001-AI01-Arr       2022-11-17 12:40:30.735557 -3  
IOC_TEST:m0s001-AI01-Arr       2022-11-17 12:40:30.736558 0  
IOC_TEST:m0s001-AI01-Arr       2022-11-17 12:40:30.737570 1  
IOC_TEST:m0s001-AI01-Arr       2022-11-17 12:40:30.738556 -4  
IOC_TEST:m0s001-AI01-Arr       2022-11-17 12:40:30.739553 -4  
IOC_TEST:m0s001-AI01-Arr       2022-11-17 12:40:30.740551 -2  
IOC_TEST:m0s001-AI01-Arr       2022-11-17 12:40:30.741550 0  
IOC_TEST:m0s001-AI01-Arr       2022-11-17 12:40:30.742551 0  
IOC_TEST:m0s001-AI01-Arr       2022-11-17 12:40:30.743552 -2  
IOC_TEST:m0s001-AI01-Arr       2022-11-17 12:40:30.744543 -3  
IOC_TEST:m0s001-AI01-Arr       2022-11-17 12:40:30.745554 -3  
IOC_TEST:m0s001-AI01-Arr       2022-11-17 12:40:30.746580 -2  
IOC_TEST:m0s001-AI01-Arr       2022-11-17 12:40:30.747571 -2  
IOC_TEST:m0s001-AI01-Arr       2022-11-17 12:40:30.748551 -2  
IOC_TEST:m0s001-AI01-Arr       2022-11-17 12:40:30.749550 -3  
IOC_TEST:m0s001-AI01-Arr       2022-11-17 12:40:30.750553 -2  
IOC_TEST:m0s001-AI01-Arr       2022-11-17 12:40:30.751553 1  
IOC_TEST:m0s001-AI01-Arr       2022-11-17 12:40:30.752553 -7  
IOC_TEST:m0s001-AI01-Arr       2022-11-17 12:40:30.753552 -3  
IOC_TEST:m0s001-AI01-Arr       2022-11-17 12:40:30.754551 -2  
IOC_TEST:m0s001-AI01-Arr       2022-11-17 12:40:30.755553 -3  
IOC_TEST:m0s001-AI01-Arr       2022-11-17 12:40:30.756552 1  
IOC_TEST:m0s001-AI01-Arr       2022-11-17 12:40:30.757552 0  
IOC_TEST:m0s001-AI01-Arr       2022-11-17 12:40:30.758552 0  
IOC_TEST:m0s001-AI01-Arr       2022-11-17 12:40:30.759552 0  
IOC_TEST:m0s001-AI01-Arr       2022-11-17 12:40:30.760551 1  
IOC_TEST:m0s001-AI01-Arr       2022-11-17 12:40:30.761543 -7  
IOC_TEST:m0s001-AI01-Arr       2022-11-17 12:40:30.762629 -2  
IOC_TEST:m0s001-AI01-Arr       2022-11-17 12:40:30.763556 1  
IOC_TEST:m0s001-AI01-Arr       2022-11-17 12:40:30.764543 -4  
IOC_TEST:m0s001-AI01-Arr       2022-11-17 12:40:30.765539 -4  
IOC_TEST:m0s001-AI01-Arr       2022-11-17 12:40:30.766542 0  
IOC_TEST:m0s001-AI01-Arr       2022-11-17 12:40:30.767598 1  
IOC_TEST:m0s001-AI01-Arr       2022-11-17 12:40:30.768552 -3  
IOC_TEST:m0s001-AI01-Arr       2022-11-17 12:40:30.769554 0  
IOC_TEST:m0s001-AI01-Arr       2022-11-17 12:40:30.770561 -3  
IOC_TEST:m0s001-AI01-Arr       2022-11-17 12:40:30.771543 0  
IOC_TEST:m0s001-AI01-Arr       2022-11-17 12:40:30.772541 -3  
IOC_TEST:m0s001-AI01-Arr       2022-11-17 12:40:30.773558 0  
IOC_TEST:m0s001-AI01-Arr       2022-11-17 12:40:30.774537 1  
IOC_TEST:m0s001-AI01-Arr       2022-11-17 12:40:30.775537 -3  
IOC_TEST:m0s001-AI01-Arr       2022-11-17 12:40:30.776540 0  
IOC_TEST:m0s001-AI01-Arr       2022-11-17 12:40:30.777540 -2  
IOC_TEST:m0s001-AI01-Arr       2022-11-17 12:40:30.778590 -3  
IOC_TEST:m0s001-AI01-Arr       2022-11-17 12:40:30.779563 -3  
IOC_TEST:m0s001-AI01-Arr       2022-11-17 12:40:30.780598 2  
IOC_TEST:m0s001-AI01-Arr       2022-11-17 12:40:30.781543 0  
IOC_TEST:m0s001-AI01-Arr       2022-11-17 12:40:30.782541 -3  
IOC_TEST:m0s001-AI01-Arr       2022-11-17 12:40:30.783540 0  
IOC_TEST:m0s001-AI01-Arr       2022-11-17 12:40:30.784539 -2  
IOC_TEST:m0s001-AI01-Arr       2022-11-17 12:40:30.785541 -2  
IOC_TEST:m0s001-AI01-Arr       2022-11-17 12:40:30.786542 1  
IOC_TEST:m0s001-AI01-Arr       2022-11-17 12:40:30.787539 -3  
IOC_TEST:m0s001-AI01-Arr       2022-11-17 12:40:30.788600 -4  
IOC_TEST:m0s001-AI01-Arr       2022-11-17 12:40:30.789549 0  
IOC_TEST:m0s001-AI01-Arr       2022-11-17 12:40:30.790546 0  
IOC_TEST:m0s001-AI01-Arr       2022-11-17 12:40:30.791545 3  
IOC_TEST:m0s001-AI01-Arr       2022-11-17 12:40:30.792545 1  
IOC_TEST:m0s001-AI01-Arr       2022-11-17 12:40:30.793544 0  
IOC_TEST:m0s001-AI01-Arr       2022-11-17 12:40:30.794544 -3  
IOC_TEST:m0s001-AI01-Arr       2022-11-17 12:40:30.795542 -4  
IOC_TEST:m0s001-AI01-Arr       2022-11-17 12:40:30.796601 -6  
IOC_TEST:m0s001-AI01-Arr       2022-11-17 12:40:30.797736 1  
IOC_TEST:m0s001-AI01-Arr       2022-11-17 12:40:30.798613 -3  
IOC_TEST:m0s001-AI01-Arr       2022-11-17 12:40:30.799548 1  
IOC_TEST:m0s001-AI01-Arr       2022-11-17 12:40:30.800643 1  
IOC_TEST:m0s001-AI01-Arr       2022-11-17 12:40:30.801624 -3  
IOC_TEST:m0s001-AI01-Arr       2022-11-17 12:40:30.802555 2  
IOC_TEST:m0s001-AI01-Arr       2022-11-17 12:40:30.803551 1  
IOC_TEST:m0s001-AI01-Arr       2022-11-17 12:40:30.804544 -6  
IOC_TEST:m0s001-AI01-Arr       2022-11-17 12:40:30.805557 -2  
IOC_TEST:m0s001-AI01-Arr       2022-11-17 12:40:30.806535 -2  
IOC_TEST:m0s001-AI01-Arr       2022-11-17 12:40:30.807557 -4  
IOC_TEST:m0s001-AI01-Arr       2022-11-17 12:40:30.808555 0  
IOC_TEST:m0s001-AI01-Arr       2022-11-17 12:40:30.809555 -3  
IOC_TEST:m0s001-AI01-Arr       2022-11-17 12:40:30.810555 -2  
