IOC_TEST:m0s001-AI01-Arr       2022-11-16 13:32:27.537668 -2  
IOC_TEST:m0s001-AI01-Arr       2022-11-16 13:32:27.538803 -3  
IOC_TEST:m0s001-AI01-Arr       2022-11-16 13:32:27.539699 -4  
IOC_TEST:m0s001-AI01-Arr       2022-11-16 13:32:27.540747 -2  
IOC_TEST:m0s001-AI01-Arr       2022-11-16 13:32:27.541703 -3  
IOC_TEST:m0s001-AI01-Arr       2022-11-16 13:32:27.542682 -2  
IOC_TEST:m0s001-AI01-Arr       2022-11-16 13:32:27.543664 -3  
IOC_TEST:m0s001-AI01-Arr       2022-11-16 13:32:27.544681 -2  
IOC_TEST:m0s001-AI01-Arr       2022-11-16 13:32:27.545687 -2  
IOC_TEST:m0s001-AI01-Arr       2022-11-16 13:32:27.546680 -4  
IOC_TEST:m0s001-AI01-Arr       2022-11-16 13:32:27.547665 -4  
IOC_TEST:m0s001-AI01-Arr       2022-11-16 13:32:27.548676 -4  
IOC_TEST:m0s001-AI01-Arr       2022-11-16 13:32:27.549676 -2  
IOC_TEST:m0s001-AI01-Arr       2022-11-16 13:32:27.550675 -3  
IOC_TEST:m0s001-AI01-Arr       2022-11-16 13:32:27.551676 -3  
IOC_TEST:m0s001-AI01-Arr       2022-11-16 13:32:27.552677 1  
IOC_TEST:m0s001-AI01-Arr       2022-11-16 13:32:27.553674 -2  
IOC_TEST:m0s001-AI01-Arr       2022-11-16 13:32:27.554675 1  
IOC_TEST:m0s001-AI01-Arr       2022-11-16 13:32:27.555677 -4  
IOC_TEST:m0s001-AI01-Arr       2022-11-16 13:32:27.556708 -4  
IOC_TEST:m0s001-AI01-Arr       2022-11-16 13:32:27.557665 -3  
IOC_TEST:m0s001-AI01-Arr       2022-11-16 13:32:27.558654 -2  
IOC_TEST:m0s001-AI01-Arr       2022-11-16 13:32:27.559696 -6  
IOC_TEST:m0s001-AI01-Arr       2022-11-16 13:32:27.560699 0  
IOC_TEST:m0s001-AI01-Arr       2022-11-16 13:32:27.561701 0  
IOC_TEST:m0s001-AI01-Arr       2022-11-16 13:32:27.562700 -3  
IOC_TEST:m0s001-AI01-Arr       2022-11-16 13:32:27.563701 -4  
IOC_TEST:m0s001-AI01-Arr       2022-11-16 13:32:27.564694 0  
IOC_TEST:m0s001-AI01-Arr       2022-11-16 13:32:27.565694 -6  
IOC_TEST:m0s001-AI01-Arr       2022-11-16 13:32:27.566696 -3  
IOC_TEST:m0s001-AI01-Arr       2022-11-16 13:32:27.567651 -2  
IOC_TEST:m0s001-AI01-Arr       2022-11-16 13:32:27.568652 -3  
IOC_TEST:m0s001-AI01-Arr       2022-11-16 13:32:27.569703 1  
IOC_TEST:m0s001-AI01-Arr       2022-11-16 13:32:27.570702 0  
IOC_TEST:m0s001-AI01-Arr       2022-11-16 13:32:27.571727 -3  
IOC_TEST:m0s001-AI01-Arr       2022-11-16 13:32:27.572704 0  
IOC_TEST:m0s001-AI01-Arr       2022-11-16 13:32:27.573698 -2  
IOC_TEST:m0s001-AI01-Arr       2022-11-16 13:32:27.574698 -3  
IOC_TEST:m0s001-AI01-Arr       2022-11-16 13:32:27.575703 -3  
IOC_TEST:m0s001-AI01-Arr       2022-11-16 13:32:27.576698 -4  
IOC_TEST:m0s001-AI01-Arr       2022-11-16 13:32:27.577698 -2  
IOC_TEST:m0s001-AI01-Arr       2022-11-16 13:32:27.578698 -4  
IOC_TEST:m0s001-AI01-Arr       2022-11-16 13:32:27.579697 -4  
IOC_TEST:m0s001-AI01-Arr       2022-11-16 13:32:27.580699 -2  
IOC_TEST:m0s001-AI01-Arr       2022-11-16 13:32:27.581697 -6  
IOC_TEST:m0s001-AI01-Arr       2022-11-16 13:32:27.582699 -3  
IOC_TEST:m0s001-AI01-Arr       2022-11-16 13:32:27.583698 -2  
IOC_TEST:m0s001-AI01-Arr       2022-11-16 13:32:27.584698 -4  
IOC_TEST:m0s001-AI01-Arr       2022-11-16 13:32:27.585698 -3  
IOC_TEST:m0s001-AI01-Arr       2022-11-16 13:32:27.586698 1  
IOC_TEST:m0s001-AI01-Arr       2022-11-16 13:32:27.587698 0  
IOC_TEST:m0s001-AI01-Arr       2022-11-16 13:32:27.588699 0  
IOC_TEST:m0s001-AI01-Arr       2022-11-16 13:32:27.589698 1  
IOC_TEST:m0s001-AI01-Arr       2022-11-16 13:32:27.590660 -3  
IOC_TEST:m0s001-AI01-Arr       2022-11-16 13:32:27.591658 -4  
IOC_TEST:m0s001-AI01-Arr       2022-11-16 13:32:27.592660 -3  
IOC_TEST:m0s001-AI01-Arr       2022-11-16 13:32:27.593659 0  
IOC_TEST:m0s001-AI01-Arr       2022-11-16 13:32:27.594665 -6  
IOC_TEST:m0s001-AI01-Arr       2022-11-16 13:32:27.595659 0  
IOC_TEST:m0s001-AI01-Arr       2022-11-16 13:32:27.596657 -3  
IOC_TEST:m0s001-AI01-Arr       2022-11-16 13:32:27.597657 0  
IOC_TEST:m0s001-AI01-Arr       2022-11-16 13:32:27.598657 0  
IOC_TEST:m0s001-AI01-Arr       2022-11-16 13:32:27.599918 -2  
IOC_TEST:m0s001-AI01-Arr       2022-11-16 13:32:27.600701 -4  
IOC_TEST:m0s001-AI01-Arr       2022-11-16 13:32:27.601694 -3  
IOC_TEST:m0s001-AI01-Arr       2022-11-16 13:32:27.602675 -3  
IOC_TEST:m0s001-AI01-Arr       2022-11-16 13:32:27.603684 -3  
IOC_TEST:m0s001-AI01-Arr       2022-11-16 13:32:27.604711 -2  
IOC_TEST:m0s001-AI01-Arr       2022-11-16 13:32:27.605695 0  
IOC_TEST:m0s001-AI01-Arr       2022-11-16 13:32:27.606664 -4  
IOC_TEST:m0s001-AI01-Arr       2022-11-16 13:32:27.607658 -2  
IOC_TEST:m0s001-AI01-Arr       2022-11-16 13:32:27.608657 -4  
IOC_TEST:m0s001-AI01-Arr       2022-11-16 13:32:27.609658 -3  
IOC_TEST:m0s001-AI01-Arr       2022-11-16 13:32:27.610643 -6  
IOC_TEST:m0s001-AI01-Arr       2022-11-16 13:32:27.611654 -4  
IOC_TEST:m0s001-AI01-Arr       2022-11-16 13:32:27.612657 -3  
IOC_TEST:m0s001-AI01-Arr       2022-11-16 13:32:27.613657 -3  
IOC_TEST:m0s001-AI01-Arr       2022-11-16 13:32:27.614722 0  
IOC_TEST:m0s001-AI01-Arr       2022-11-16 13:32:27.615657 1  
IOC_TEST:m0s001-AI01-Arr       2022-11-16 13:32:27.616657 -3  
IOC_TEST:m0s001-AI01-Arr       2022-11-16 13:32:27.617702 -3  
IOC_TEST:m0s001-AI01-Arr       2022-11-16 13:32:27.618661 -6  
IOC_TEST:m0s001-AI01-Arr       2022-11-16 13:32:27.619657 -4  
IOC_TEST:m0s001-AI01-Arr       2022-11-16 13:32:27.620702 -3  
IOC_TEST:m0s001-AI01-Arr       2022-11-16 13:32:27.621698 -3  
IOC_TEST:m0s001-AI01-Arr       2022-11-16 13:32:27.622660 -6  
IOC_TEST:m0s001-AI01-Arr       2022-11-16 13:32:27.623657 -2  
IOC_TEST:m0s001-AI01-Arr       2022-11-16 13:32:27.624658 0  
IOC_TEST:m0s001-AI01-Arr       2022-11-16 13:32:27.625709 1  
IOC_TEST:m0s001-AI01-Arr       2022-11-16 13:32:27.626665 -2  
IOC_TEST:m0s001-AI01-Arr       2022-11-16 13:32:27.627660 1  
IOC_TEST:m0s001-AI01-Arr       2022-11-16 13:32:27.628657 -6  
IOC_TEST:m0s001-AI01-Arr       2022-11-16 13:32:27.629658 0  
IOC_TEST:m0s001-AI01-Arr       2022-11-16 13:32:27.630657 1  
IOC_TEST:m0s001-AI01-Arr       2022-11-16 13:32:27.631656 -3  
IOC_TEST:m0s001-AI01-Arr       2022-11-16 13:32:27.632647 -3  
IOC_TEST:m0s001-AI01-Arr       2022-11-16 13:32:27.633647 2  
IOC_TEST:m0s001-AI01-Arr       2022-11-16 13:32:27.634676 -2  
IOC_TEST:m0s001-AI01-Arr       2022-11-16 13:32:27.635731 -2  
IOC_TEST:m0s001-AI01-Arr       2022-11-16 13:32:27.636699 -2  
IOC_TEST:m0s001-AI01-Arr       2022-11-16 13:32:27.637714 -3  
IOC_TEST:m0s001-AI01-Arr       2022-11-16 13:32:27.638701 -3  
IOC_TEST:m0s001-AI01-Arr       2022-11-16 13:32:27.639698 -2  
IOC_TEST:m0s001-AI01-Arr       2022-11-16 13:32:27.640701 0  
IOC_TEST:m0s001-AI01-Arr       2022-11-16 13:32:27.641698 1  
IOC_TEST:m0s001-AI01-Arr       2022-11-16 13:32:27.642698 -2  
IOC_TEST:m0s001-AI01-Arr       2022-11-16 13:32:27.643698 0  
IOC_TEST:m0s001-AI01-Arr       2022-11-16 13:32:27.644700 0  
IOC_TEST:m0s001-AI01-Arr       2022-11-16 13:32:27.645698 -3  
IOC_TEST:m0s001-AI01-Arr       2022-11-16 13:32:27.646699 -2  
IOC_TEST:m0s001-AI01-Arr       2022-11-16 13:32:27.647698 0  
IOC_TEST:m0s001-AI01-Arr       2022-11-16 13:32:27.648701 -3  
IOC_TEST:m0s001-AI01-Arr       2022-11-16 13:32:27.649697 -2  
IOC_TEST:m0s001-AI01-Arr       2022-11-16 13:32:27.650699 -3  
IOC_TEST:m0s001-AI01-Arr       2022-11-16 13:32:27.651699 -3  
IOC_TEST:m0s001-AI01-Arr       2022-11-16 13:32:27.652700 -2  
IOC_TEST:m0s001-AI01-Arr       2022-11-16 13:32:27.653699 0  
IOC_TEST:m0s001-AI01-Arr       2022-11-16 13:32:27.654705 -4  
IOC_TEST:m0s001-AI01-Arr       2022-11-16 13:32:27.655677 0  
IOC_TEST:m0s001-AI01-Arr       2022-11-16 13:32:27.656702 -3  
IOC_TEST:m0s001-AI01-Arr       2022-11-16 13:32:27.657703 -4  
IOC_TEST:m0s001-AI01-Arr       2022-11-16 13:32:27.658708 0  
IOC_TEST:m0s001-AI01-Arr       2022-11-16 13:32:27.659717 0  
IOC_TEST:m0s001-AI01-Arr       2022-11-16 13:32:27.660787 -4  
IOC_TEST:m0s001-AI01-Arr       2022-11-16 13:32:27.661667 -2  
IOC_TEST:m0s001-AI01-Arr       2022-11-16 13:32:27.662655 -2  
IOC_TEST:m0s001-AI01-Arr       2022-11-16 13:32:27.663653 2  
IOC_TEST:m0s001-AI01-Arr       2022-11-16 13:32:27.664651 1  
IOC_TEST:m0s001-AI01-Arr       2022-11-16 13:32:27.665652 2  
IOC_TEST:m0s001-AI01-Arr       2022-11-16 13:32:27.666648 0  
IOC_TEST:m0s001-AI01-Arr       2022-11-16 13:32:27.667656 -3  
IOC_TEST:m0s001-AI01-Arr       2022-11-16 13:32:27.668675 1  
IOC_TEST:m0s001-AI01-Arr       2022-11-16 13:32:27.669647 -3  
IOC_TEST:m0s001-AI01-Arr       2022-11-16 13:32:27.670644 -3  
IOC_TEST:m0s001-AI01-Arr       2022-11-16 13:32:27.671645 1  
IOC_TEST:m0s001-AI01-Arr       2022-11-16 13:32:27.672646 0  
IOC_TEST:m0s001-AI01-Arr       2022-11-16 13:32:27.673695 -3  
IOC_TEST:m0s001-AI01-Arr       2022-11-16 13:32:27.674655 0  
IOC_TEST:m0s001-AI01-Arr       2022-11-16 13:32:27.675651 0  
IOC_TEST:m0s001-AI01-Arr       2022-11-16 13:32:27.676650 -4  
IOC_TEST:m0s001-AI01-Arr       2022-11-16 13:32:27.677650 -3  
IOC_TEST:m0s001-AI01-Arr       2022-11-16 13:32:27.678649 0  
IOC_TEST:m0s001-AI01-Arr       2022-11-16 13:32:27.679649 0  
IOC_TEST:m0s001-AI01-Arr       2022-11-16 13:32:27.680641 -2  
IOC_TEST:m0s001-AI01-Arr       2022-11-16 13:32:27.681650 0  
IOC_TEST:m0s001-AI01-Arr       2022-11-16 13:32:27.682648 -3  
IOC_TEST:m0s001-AI01-Arr       2022-11-16 13:32:27.683650 0  
IOC_TEST:m0s001-AI01-Arr       2022-11-16 13:32:27.684650 -4  
IOC_TEST:m0s001-AI01-Arr       2022-11-16 13:32:27.685648 -2  
IOC_TEST:m0s001-AI01-Arr       2022-11-16 13:32:27.686693 -2  
IOC_TEST:m0s001-AI01-Arr       2022-11-16 13:32:27.687655 -3  
IOC_TEST:m0s001-AI01-Arr       2022-11-16 13:32:27.688692 -2  
IOC_TEST:m0s001-AI01-Arr       2022-11-16 13:32:27.689660 -4  
IOC_TEST:m0s001-AI01-Arr       2022-11-16 13:32:27.690652 1  
IOC_TEST:m0s001-AI01-Arr       2022-11-16 13:32:27.691649 0  
IOC_TEST:m0s001-AI01-Arr       2022-11-16 13:32:27.692650 -3  
IOC_TEST:m0s001-AI01-Arr       2022-11-16 13:32:27.693650 2  
IOC_TEST:m0s001-AI01-Arr       2022-11-16 13:32:27.694649 1  
IOC_TEST:m0s001-AI01-Arr       2022-11-16 13:32:27.695649 -4  
IOC_TEST:m0s001-AI01-Arr       2022-11-16 13:32:27.696650 -2  
IOC_TEST:m0s001-AI01-Arr       2022-11-16 13:32:27.697650 0  
IOC_TEST:m0s001-AI01-Arr       2022-11-16 13:32:27.698712 1  
IOC_TEST:m0s001-AI01-Arr       2022-11-16 13:32:27.699725 -2  
IOC_TEST:m0s001-AI01-Arr       2022-11-16 13:32:27.700866 -2  
IOC_TEST:m0s001-AI01-Arr       2022-11-16 13:32:27.701664 0  
IOC_TEST:m0s001-AI01-Arr       2022-11-16 13:32:27.702684 2  
IOC_TEST:m0s001-AI01-Arr       2022-11-16 13:32:27.703683 1  
IOC_TEST:m0s001-AI01-Arr       2022-11-16 13:32:27.704681 -2  
IOC_TEST:m0s001-AI01-Arr       2022-11-16 13:32:27.705683 -2  
IOC_TEST:m0s001-AI01-Arr       2022-11-16 13:32:27.706664 0  
IOC_TEST:m0s001-AI01-Arr       2022-11-16 13:32:27.707689 0  
IOC_TEST:m0s001-AI01-Arr       2022-11-16 13:32:27.708661 -2  
IOC_TEST:m0s001-AI01-Arr       2022-11-16 13:32:27.709663 0  
IOC_TEST:m0s001-AI01-Arr       2022-11-16 13:32:27.710660 -3  
IOC_TEST:m0s001-AI01-Arr       2022-11-16 13:32:27.711686 -2  
IOC_TEST:m0s001-AI01-Arr       2022-11-16 13:32:27.712655 1  
IOC_TEST:m0s001-AI01-Arr       2022-11-16 13:32:27.713651 0  
IOC_TEST:m0s001-AI01-Arr       2022-11-16 13:32:27.714730 -3  
IOC_TEST:m0s001-AI01-Arr       2022-11-16 13:32:27.715672 0  
IOC_TEST:m0s001-AI01-Arr       2022-11-16 13:32:27.716653 2  
IOC_TEST:m0s001-AI01-Arr       2022-11-16 13:32:27.717686 -3  
IOC_TEST:m0s001-AI01-Arr       2022-11-16 13:32:27.718687 2  
IOC_TEST:m0s001-AI01-Arr       2022-11-16 13:32:27.719694 -3  
IOC_TEST:m0s001-AI01-Arr       2022-11-16 13:32:27.720713 1  
IOC_TEST:m0s001-AI01-Arr       2022-11-16 13:32:27.721727 1  
IOC_TEST:m0s001-AI01-Arr       2022-11-16 13:32:27.722722 -4  
IOC_TEST:m0s001-AI01-Arr       2022-11-16 13:32:27.723716 -2  
IOC_TEST:m0s001-AI01-Arr       2022-11-16 13:32:27.724715 -2  
IOC_TEST:m0s001-AI01-Arr       2022-11-16 13:32:27.725720 2  
IOC_TEST:m0s001-AI01-Arr       2022-11-16 13:32:27.726709 1  
IOC_TEST:m0s001-AI01-Arr       2022-11-16 13:32:27.727708 -4  
IOC_TEST:m0s001-AI01-Arr       2022-11-16 13:32:27.728708 -3  
IOC_TEST:m0s001-AI01-Arr       2022-11-16 13:32:27.729709 -3  
IOC_TEST:m0s001-AI01-Arr       2022-11-16 13:32:27.730717 -4  
IOC_TEST:m0s001-AI01-Arr       2022-11-16 13:32:27.731734 -4  
IOC_TEST:m0s001-AI01-Arr       2022-11-16 13:32:27.732712 -3  
IOC_TEST:m0s001-AI01-Arr       2022-11-16 13:32:27.733710 -2  
IOC_TEST:m0s001-AI01-Arr       2022-11-16 13:32:27.734708 2  
IOC_TEST:m0s001-AI01-Arr       2022-11-16 13:32:27.735709 3  
IOC_TEST:m0s001-AI01-Arr       2022-11-16 13:32:27.736702 -2  
IOC_TEST:m0s001-AI01-Arr       2022-11-16 13:32:27.737688 0  
IOC_TEST:m0s001-AI01-Arr       2022-11-16 13:32:27.738692 1  
IOC_TEST:m0s001-AI01-Arr       2022-11-16 13:32:27.739684 0  
IOC_TEST:m0s001-AI01-Arr       2022-11-16 13:32:27.740691 1  
IOC_TEST:m0s001-AI01-Arr       2022-11-16 13:32:27.741687 -2  
IOC_TEST:m0s001-AI01-Arr       2022-11-16 13:32:27.742688 1  
IOC_TEST:m0s001-AI01-Arr       2022-11-16 13:32:27.743687 -3  
IOC_TEST:m0s001-AI01-Arr       2022-11-16 13:32:27.744687 0  
IOC_TEST:m0s001-AI01-Arr       2022-11-16 13:32:27.745710 -2  
IOC_TEST:m0s001-AI01-Arr       2022-11-16 13:32:27.746687 -6  
IOC_TEST:m0s001-AI01-Arr       2022-11-16 13:32:27.747694 -2  
IOC_TEST:m0s001-AI01-Arr       2022-11-16 13:32:27.748680 -4  
IOC_TEST:m0s001-AI01-Arr       2022-11-16 13:32:27.749688 1  
IOC_TEST:m0s001-AI01-Arr       2022-11-16 13:32:27.750685 0  
IOC_TEST:m0s001-AI01-Arr       2022-11-16 13:32:27.751694 1  
IOC_TEST:m0s001-AI01-Arr       2022-11-16 13:32:27.752655 -3  
IOC_TEST:m0s001-AI01-Arr       2022-11-16 13:32:27.753657 -2  
IOC_TEST:m0s001-AI01-Arr       2022-11-16 13:32:27.754691 -7  
IOC_TEST:m0s001-AI01-Arr       2022-11-16 13:32:27.755654 -3  
IOC_TEST:m0s001-AI01-Arr       2022-11-16 13:32:27.756638 -3  
IOC_TEST:m0s001-AI01-Arr       2022-11-16 13:32:27.757684 -3  
IOC_TEST:m0s001-AI01-Arr       2022-11-16 13:32:27.758652 -3  
IOC_TEST:m0s001-AI01-Arr       2022-11-16 13:32:27.759651 -2  
IOC_TEST:m0s001-AI01-Arr       2022-11-16 13:32:27.760649 -2  
IOC_TEST:m0s001-AI01-Arr       2022-11-16 13:32:27.761657 -2  
IOC_TEST:m0s001-AI01-Arr       2022-11-16 13:32:27.762698 -3  
IOC_TEST:m0s001-AI01-Arr       2022-11-16 13:32:27.763671 -2  
IOC_TEST:m0s001-AI01-Arr       2022-11-16 13:32:27.764651 -3  
IOC_TEST:m0s001-AI01-Arr       2022-11-16 13:32:27.765649 -8  
IOC_TEST:m0s001-AI01-Arr       2022-11-16 13:32:27.766647 -3  
IOC_TEST:m0s001-AI01-Arr       2022-11-16 13:32:27.767704 -3  
IOC_TEST:m0s001-AI01-Arr       2022-11-16 13:32:27.768649 -2  
IOC_TEST:m0s001-AI01-Arr       2022-11-16 13:32:27.769646 -2  
IOC_TEST:m0s001-AI01-Arr       2022-11-16 13:32:27.770644 -3  
IOC_TEST:m0s001-AI01-Arr       2022-11-16 13:32:27.771646 -3  
IOC_TEST:m0s001-AI01-Arr       2022-11-16 13:32:27.772645 0  
IOC_TEST:m0s001-AI01-Arr       2022-11-16 13:32:27.773636 -3  
IOC_TEST:m0s001-AI01-Arr       2022-11-16 13:32:27.774633 -2  
IOC_TEST:m0s001-AI01-Arr       2022-11-16 13:32:27.775646 -3  
IOC_TEST:m0s001-AI01-Arr       2022-11-16 13:32:27.776635 -2  
IOC_TEST:m0s001-AI01-Arr       2022-11-16 13:32:27.777646 0  
IOC_TEST:m0s001-AI01-Arr       2022-11-16 13:32:27.778645 0  
IOC_TEST:m0s001-AI01-Arr       2022-11-16 13:32:27.779645 -2  
IOC_TEST:m0s001-AI01-Arr       2022-11-16 13:32:27.780646 -2  
IOC_TEST:m0s001-AI01-Arr       2022-11-16 13:32:27.781647 -3  
IOC_TEST:m0s001-AI01-Arr       2022-11-16 13:32:27.782646 -2  
IOC_TEST:m0s001-AI01-Arr       2022-11-16 13:32:27.783695 -3  
IOC_TEST:m0s001-AI01-Arr       2022-11-16 13:32:27.784655 -2  
IOC_TEST:m0s001-AI01-Arr       2022-11-16 13:32:27.785659 -4  
IOC_TEST:m0s001-AI01-Arr       2022-11-16 13:32:27.786649 -3  
IOC_TEST:m0s001-AI01-Arr       2022-11-16 13:32:27.787646 0  
IOC_TEST:m0s001-AI01-Arr       2022-11-16 13:32:27.788642 0  
IOC_TEST:m0s001-AI01-Arr       2022-11-16 13:32:27.789645 1  
IOC_TEST:m0s001-AI01-Arr       2022-11-16 13:32:27.790645 -3  
IOC_TEST:m0s001-AI01-Arr       2022-11-16 13:32:27.791646 -3  
IOC_TEST:m0s001-AI01-Arr       2022-11-16 13:32:27.792644 -4  
IOC_TEST:m0s001-AI01-Arr       2022-11-16 13:32:27.793640 -3  
IOC_TEST:m0s001-AI01-Arr       2022-11-16 13:32:27.794708 -4  
IOC_TEST:m0s001-AI01-Arr       2022-11-16 13:32:27.795721 0  
IOC_TEST:m0s001-AI01-Arr       2022-11-16 13:32:27.796691 1  
IOC_TEST:m0s001-AI01-Arr       2022-11-16 13:32:27.797690 -2  
IOC_TEST:m0s001-AI01-Arr       2022-11-16 13:32:27.798690 -2  
IOC_TEST:m0s001-AI01-Arr       2022-11-16 13:32:27.799689 -2  
IOC_TEST:m0s001-AI01-Arr       2022-11-16 13:32:27.800687 -4  
IOC_TEST:m0s001-AI01-Arr       2022-11-16 13:32:27.801851 -3  
IOC_TEST:m0s001-AI01-Arr       2022-11-16 13:32:27.802641 -2  
IOC_TEST:m0s001-AI01-Arr       2022-11-16 13:32:27.803671 -2  
IOC_TEST:m0s001-AI01-Arr       2022-11-16 13:32:27.804671 -3  
IOC_TEST:m0s001-AI01-Arr       2022-11-16 13:32:27.805685 0  
IOC_TEST:m0s001-AI01-Arr       2022-11-16 13:32:27.806670 -2  
IOC_TEST:m0s001-AI01-Arr       2022-11-16 13:32:27.807671 -7  
IOC_TEST:m0s001-AI01-Arr       2022-11-16 13:32:27.808670 -4  
IOC_TEST:m0s001-AI01-Arr       2022-11-16 13:32:27.809672 -2  
IOC_TEST:m0s001-AI01-Arr       2022-11-16 13:32:27.810670 -4  
IOC_TEST:m0s001-AI01-Arr       2022-11-16 13:32:27.811670 -2  
IOC_TEST:m0s001-AI01-Arr       2022-11-16 13:32:27.812670 -3  
IOC_TEST:m0s001-AI01-Arr       2022-11-16 13:32:27.813639 -3  
IOC_TEST:m0s001-AI01-Arr       2022-11-16 13:32:27.814695 1  
IOC_TEST:m0s001-AI01-Arr       2022-11-16 13:32:27.815696 -2  
IOC_TEST:m0s001-AI01-Arr       2022-11-16 13:32:27.816685 0  
IOC_TEST:m0s001-AI01-Arr       2022-11-16 13:32:27.817693 -2  
IOC_TEST:m0s001-AI01-Arr       2022-11-16 13:32:27.818658 -6  
IOC_TEST:m0s001-AI01-Arr       2022-11-16 13:32:27.819653 -3  
IOC_TEST:m0s001-AI01-Arr       2022-11-16 13:32:27.820651 -2  
IOC_TEST:m0s001-AI01-Arr       2022-11-16 13:32:27.821653 -2  
IOC_TEST:m0s001-AI01-Arr       2022-11-16 13:32:27.822642 -3  
IOC_TEST:m0s001-AI01-Arr       2022-11-16 13:32:27.823648 -4  
IOC_TEST:m0s001-AI01-Arr       2022-11-16 13:32:27.824649 -3  
IOC_TEST:m0s001-AI01-Arr       2022-11-16 13:32:27.825654 -3  
IOC_TEST:m0s001-AI01-Arr       2022-11-16 13:32:27.826655 -3  
IOC_TEST:m0s001-AI01-Arr       2022-11-16 13:32:27.827657 -3  
IOC_TEST:m0s001-AI01-Arr       2022-11-16 13:32:27.828634 -2  
IOC_TEST:m0s001-AI01-Arr       2022-11-16 13:32:27.829635 -4  
IOC_TEST:m0s001-AI01-Arr       2022-11-16 13:32:27.830636 -3  
IOC_TEST:m0s001-AI01-Arr       2022-11-16 13:32:27.831673 0  
IOC_TEST:m0s001-AI01-Arr       2022-11-16 13:32:27.832648 0  
IOC_TEST:m0s001-AI01-Arr       2022-11-16 13:32:27.833684 2  
IOC_TEST:m0s001-AI01-Arr       2022-11-16 13:32:27.834650 -2  
IOC_TEST:m0s001-AI01-Arr       2022-11-16 13:32:27.835648 0  
IOC_TEST:m0s001-AI01-Arr       2022-11-16 13:32:27.836649 -3  
IOC_TEST:m0s001-AI01-Arr       2022-11-16 13:32:27.837649 0  
IOC_TEST:m0s001-AI01-Arr       2022-11-16 13:32:27.838649 1  
IOC_TEST:m0s001-AI01-Arr       2022-11-16 13:32:27.839649 -6  
IOC_TEST:m0s001-AI01-Arr       2022-11-16 13:32:27.840649 0  
IOC_TEST:m0s001-AI01-Arr       2022-11-16 13:32:27.841687 1  
IOC_TEST:m0s001-AI01-Arr       2022-11-16 13:32:27.842653 -3  
IOC_TEST:m0s001-AI01-Arr       2022-11-16 13:32:27.843652 1  
IOC_TEST:m0s001-AI01-Arr       2022-11-16 13:32:27.844651 -3  
IOC_TEST:m0s001-AI01-Arr       2022-11-16 13:32:27.845650 -3  
IOC_TEST:m0s001-AI01-Arr       2022-11-16 13:32:27.846643 1  
IOC_TEST:m0s001-AI01-Arr       2022-11-16 13:32:27.847703 -2  
IOC_TEST:m0s001-AI01-Arr       2022-11-16 13:32:27.848699 -6  
IOC_TEST:m0s001-AI01-Arr       2022-11-16 13:32:27.849702 0  
IOC_TEST:m0s001-AI01-Arr       2022-11-16 13:32:27.850707 -3  
IOC_TEST:m0s001-AI01-Arr       2022-11-16 13:32:27.851700 0  
IOC_TEST:m0s001-AI01-Arr       2022-11-16 13:32:27.852698 0  
IOC_TEST:m0s001-AI01-Arr       2022-11-16 13:32:27.853697 -4  
IOC_TEST:m0s001-AI01-Arr       2022-11-16 13:32:27.854697 -4  
IOC_TEST:m0s001-AI01-Arr       2022-11-16 13:32:27.855697 -2  
IOC_TEST:m0s001-AI01-Arr       2022-11-16 13:32:27.856697 -2  
IOC_TEST:m0s001-AI01-Arr       2022-11-16 13:32:27.857697 -3  
IOC_TEST:m0s001-AI01-Arr       2022-11-16 13:32:27.858702 -3  
IOC_TEST:m0s001-AI01-Arr       2022-11-16 13:32:27.859712 -2  
IOC_TEST:m0s001-AI01-Arr       2022-11-16 13:32:27.860671 -2  
IOC_TEST:m0s001-AI01-Arr       2022-11-16 13:32:27.861708 -6  
IOC_TEST:m0s001-AI01-Arr       2022-11-16 13:32:27.862657 -3  
IOC_TEST:m0s001-AI01-Arr       2022-11-16 13:32:27.863686 -3  
IOC_TEST:m0s001-AI01-Arr       2022-11-16 13:32:27.864687 0  
IOC_TEST:m0s001-AI01-Arr       2022-11-16 13:32:27.865691 0  
IOC_TEST:m0s001-AI01-Arr       2022-11-16 13:32:27.866692 -3  
IOC_TEST:m0s001-AI01-Arr       2022-11-16 13:32:27.867697 2  
IOC_TEST:m0s001-AI01-Arr       2022-11-16 13:32:27.868696 0  
IOC_TEST:m0s001-AI01-Arr       2022-11-16 13:32:27.869696 -3  
IOC_TEST:m0s001-AI01-Arr       2022-11-16 13:32:27.870696 -3  
IOC_TEST:m0s001-AI01-Arr       2022-11-16 13:32:27.871695 -3  
IOC_TEST:m0s001-AI01-Arr       2022-11-16 13:32:27.872694 -2  
IOC_TEST:m0s001-AI01-Arr       2022-11-16 13:32:27.873696 -3  
IOC_TEST:m0s001-AI01-Arr       2022-11-16 13:32:27.874695 -6  
IOC_TEST:m0s001-AI01-Arr       2022-11-16 13:32:27.875695 1  
IOC_TEST:m0s001-AI01-Arr       2022-11-16 13:32:27.876725 -3  
IOC_TEST:m0s001-AI01-Arr       2022-11-16 13:32:27.877681 -3  
IOC_TEST:m0s001-AI01-Arr       2022-11-16 13:32:27.878711 0  
IOC_TEST:m0s001-AI01-Arr       2022-11-16 13:32:27.879697 -3  
IOC_TEST:m0s001-AI01-Arr       2022-11-16 13:32:27.880744 -3  
IOC_TEST:m0s001-AI01-Arr       2022-11-16 13:32:27.881665 -3  
IOC_TEST:m0s001-AI01-Arr       2022-11-16 13:32:27.882669 0  
IOC_TEST:m0s001-AI01-Arr       2022-11-16 13:32:27.883668 -2  
IOC_TEST:m0s001-AI01-Arr       2022-11-16 13:32:27.884660 0  
IOC_TEST:m0s001-AI01-Arr       2022-11-16 13:32:27.885662 0  
IOC_TEST:m0s001-AI01-Arr       2022-11-16 13:32:27.886742 0  
IOC_TEST:m0s001-AI01-Arr       2022-11-16 13:32:27.887680 -3  
IOC_TEST:m0s001-AI01-Arr       2022-11-16 13:32:27.888653 -3  
IOC_TEST:m0s001-AI01-Arr       2022-11-16 13:32:27.889651 2  
IOC_TEST:m0s001-AI01-Arr       2022-11-16 13:32:27.890652 -6  
IOC_TEST:m0s001-AI01-Arr       2022-11-16 13:32:27.891666 -3  
IOC_TEST:m0s001-AI01-Arr       2022-11-16 13:32:27.892679 -2  
IOC_TEST:m0s001-AI01-Arr       2022-11-16 13:32:27.893654 -6  
IOC_TEST:m0s001-AI01-Arr       2022-11-16 13:32:27.894651 -3  
IOC_TEST:m0s001-AI01-Arr       2022-11-16 13:32:27.895651 1  
IOC_TEST:m0s001-AI01-Arr       2022-11-16 13:32:27.896657 -4  
IOC_TEST:m0s001-AI01-Arr       2022-11-16 13:32:27.897652 -2  
IOC_TEST:m0s001-AI01-Arr       2022-11-16 13:32:27.898650 -3  
IOC_TEST:m0s001-AI01-Arr       2022-11-16 13:32:27.899651 -2  
IOC_TEST:m0s001-AI01-Arr       2022-11-16 13:32:27.900649 0  
IOC_TEST:m0s001-AI01-Arr       2022-11-16 13:32:27.901650 -3  
IOC_TEST:m0s001-AI01-Arr       2022-11-16 13:32:27.902826 -3  
IOC_TEST:m0s001-AI01-Arr       2022-11-16 13:32:27.903641 0  
IOC_TEST:m0s001-AI01-Arr       2022-11-16 13:32:27.904673 1  
IOC_TEST:m0s001-AI01-Arr       2022-11-16 13:32:27.905640 -2  
IOC_TEST:m0s001-AI01-Arr       2022-11-16 13:32:27.906642 -2  
IOC_TEST:m0s001-AI01-Arr       2022-11-16 13:32:27.907641 -2  
IOC_TEST:m0s001-AI01-Arr       2022-11-16 13:32:27.908641 2  
IOC_TEST:m0s001-AI01-Arr       2022-11-16 13:32:27.909673 -2  
IOC_TEST:m0s001-AI01-Arr       2022-11-16 13:32:27.910707 -3  
IOC_TEST:m0s001-AI01-Arr       2022-11-16 13:32:27.911693 0  
IOC_TEST:m0s001-AI01-Arr       2022-11-16 13:32:27.912701 -3  
IOC_TEST:m0s001-AI01-Arr       2022-11-16 13:32:27.913699 1  
IOC_TEST:m0s001-AI01-Arr       2022-11-16 13:32:27.914833 3  
IOC_TEST:m0s001-AI01-Arr       2022-11-16 13:32:27.915680 -3  
IOC_TEST:m0s001-AI01-Arr       2022-11-16 13:32:27.916664 1  
IOC_TEST:m0s001-AI01-Arr       2022-11-16 13:32:27.917674 -3  
IOC_TEST:m0s001-AI01-Arr       2022-11-16 13:32:27.918736 -2  
IOC_TEST:m0s001-AI01-Arr       2022-11-16 13:32:27.919675 -3  
IOC_TEST:m0s001-AI01-Arr       2022-11-16 13:32:27.920641 -2  
IOC_TEST:m0s001-AI01-Arr       2022-11-16 13:32:27.921642 -2  
IOC_TEST:m0s001-AI01-Arr       2022-11-16 13:32:27.922640 2  
IOC_TEST:m0s001-AI01-Arr       2022-11-16 13:32:27.923657 1  
IOC_TEST:m0s001-AI01-Arr       2022-11-16 13:32:27.924708 -2  
IOC_TEST:m0s001-AI01-Arr       2022-11-16 13:32:27.925683 -2  
IOC_TEST:m0s001-AI01-Arr       2022-11-16 13:32:27.926678 -4  
IOC_TEST:m0s001-AI01-Arr       2022-11-16 13:32:27.927676 -2  
IOC_TEST:m0s001-AI01-Arr       2022-11-16 13:32:27.928675 -3  
IOC_TEST:m0s001-AI01-Arr       2022-11-16 13:32:27.929676 -2  
IOC_TEST:m0s001-AI01-Arr       2022-11-16 13:32:27.930677 -2  
IOC_TEST:m0s001-AI01-Arr       2022-11-16 13:32:27.931676 0  
IOC_TEST:m0s001-AI01-Arr       2022-11-16 13:32:27.932675 0  
IOC_TEST:m0s001-AI01-Arr       2022-11-16 13:32:27.933676 1  
IOC_TEST:m0s001-AI01-Arr       2022-11-16 13:32:27.934675 -7  
IOC_TEST:m0s001-AI01-Arr       2022-11-16 13:32:27.935676 -2  
IOC_TEST:m0s001-AI01-Arr       2022-11-16 13:32:27.936676 1  
IOC_TEST:m0s001-AI01-Arr       2022-11-16 13:32:27.937675 -2  
IOC_TEST:m0s001-AI01-Arr       2022-11-16 13:32:27.938676 -2  
IOC_TEST:m0s001-AI01-Arr       2022-11-16 13:32:27.939675 0  
IOC_TEST:m0s001-AI01-Arr       2022-11-16 13:32:27.940676 0  
IOC_TEST:m0s001-AI01-Arr       2022-11-16 13:32:27.941676 -2  
IOC_TEST:m0s001-AI01-Arr       2022-11-16 13:32:27.942699 -2  
IOC_TEST:m0s001-AI01-Arr       2022-11-16 13:32:27.943699 0  
IOC_TEST:m0s001-AI01-Arr       2022-11-16 13:32:27.944699 -2  
IOC_TEST:m0s001-AI01-Arr       2022-11-16 13:32:27.945696 -3  
IOC_TEST:m0s001-AI01-Arr       2022-11-16 13:32:27.946697 -2  
IOC_TEST:m0s001-AI01-Arr       2022-11-16 13:32:27.947694 -6  
IOC_TEST:m0s001-AI01-Arr       2022-11-16 13:32:27.948692 -2  
IOC_TEST:m0s001-AI01-Arr       2022-11-16 13:32:27.949691 0  
IOC_TEST:m0s001-AI01-Arr       2022-11-16 13:32:27.950694 -3  
IOC_TEST:m0s001-AI01-Arr       2022-11-16 13:32:27.951694 0  
IOC_TEST:m0s001-AI01-Arr       2022-11-16 13:32:27.952689 2  
IOC_TEST:m0s001-AI01-Arr       2022-11-16 13:32:27.953693 -3  
IOC_TEST:m0s001-AI01-Arr       2022-11-16 13:32:27.954696 -3  
IOC_TEST:m0s001-AI01-Arr       2022-11-16 13:32:27.955704 0  
IOC_TEST:m0s001-AI01-Arr       2022-11-16 13:32:27.956707 -3  
IOC_TEST:m0s001-AI01-Arr       2022-11-16 13:32:27.957693 1  
IOC_TEST:m0s001-AI01-Arr       2022-11-16 13:32:27.958691 1  
IOC_TEST:m0s001-AI01-Arr       2022-11-16 13:32:27.959673 1  
IOC_TEST:m0s001-AI01-Arr       2022-11-16 13:32:27.960671 1  
IOC_TEST:m0s001-AI01-Arr       2022-11-16 13:32:27.961672 -2  
IOC_TEST:m0s001-AI01-Arr       2022-11-16 13:32:27.962691 -3  
IOC_TEST:m0s001-AI01-Arr       2022-11-16 13:32:27.963692 1  
IOC_TEST:m0s001-AI01-Arr       2022-11-16 13:32:27.964691 -2  
IOC_TEST:m0s001-AI01-Arr       2022-11-16 13:32:27.965692 0  
IOC_TEST:m0s001-AI01-Arr       2022-11-16 13:32:27.966672 -2  
IOC_TEST:m0s001-AI01-Arr       2022-11-16 13:32:27.967692 -3  
IOC_TEST:m0s001-AI01-Arr       2022-11-16 13:32:27.968672 -2  
IOC_TEST:m0s001-AI01-Arr       2022-11-16 13:32:27.969694 -2  
IOC_TEST:m0s001-AI01-Arr       2022-11-16 13:32:27.970691 -3  
IOC_TEST:m0s001-AI01-Arr       2022-11-16 13:32:27.971695 -2  
IOC_TEST:m0s001-AI01-Arr       2022-11-16 13:32:27.972692 0  
IOC_TEST:m0s001-AI01-Arr       2022-11-16 13:32:27.973694 -3  
IOC_TEST:m0s001-AI01-Arr       2022-11-16 13:32:27.974698 0  
IOC_TEST:m0s001-AI01-Arr       2022-11-16 13:32:27.975648 -2  
IOC_TEST:m0s001-AI01-Arr       2022-11-16 13:32:27.976693 1  
IOC_TEST:m0s001-AI01-Arr       2022-11-16 13:32:27.977675 -3  
IOC_TEST:m0s001-AI01-Arr       2022-11-16 13:32:27.978674 2  
IOC_TEST:m0s001-AI01-Arr       2022-11-16 13:32:27.979672 -3  
IOC_TEST:m0s001-AI01-Arr       2022-11-16 13:32:27.980691 -2  
IOC_TEST:m0s001-AI01-Arr       2022-11-16 13:32:27.981671 -2  
IOC_TEST:m0s001-AI01-Arr       2022-11-16 13:32:27.982681 -3  
IOC_TEST:m0s001-AI01-Arr       2022-11-16 13:32:27.983671 -2  
IOC_TEST:m0s001-AI01-Arr       2022-11-16 13:32:27.984678 0  
IOC_TEST:m0s001-AI01-Arr       2022-11-16 13:32:27.985672 1  
IOC_TEST:m0s001-AI01-Arr       2022-11-16 13:32:27.986671 0  
IOC_TEST:m0s001-AI01-Arr       2022-11-16 13:32:27.987709 0  
IOC_TEST:m0s001-AI01-Arr       2022-11-16 13:32:27.988737 -2  
IOC_TEST:m0s001-AI01-Arr       2022-11-16 13:32:27.989696 -3  
IOC_TEST:m0s001-AI01-Arr       2022-11-16 13:32:27.990691 -3  
IOC_TEST:m0s001-AI01-Arr       2022-11-16 13:32:27.991658 -2  
IOC_TEST:m0s001-AI01-Arr       2022-11-16 13:32:27.992656 -6  
IOC_TEST:m0s001-AI01-Arr       2022-11-16 13:32:27.993655 0  
IOC_TEST:m0s001-AI01-Arr       2022-11-16 13:32:27.994656 0  
IOC_TEST:m0s001-AI01-Arr       2022-11-16 13:32:27.995656 0  
IOC_TEST:m0s001-AI01-Arr       2022-11-16 13:32:27.996657 -2  
IOC_TEST:m0s001-AI01-Arr       2022-11-16 13:32:27.997655 -2  
IOC_TEST:m0s001-AI01-Arr       2022-11-16 13:32:27.998654 -3  
IOC_TEST:m0s001-AI01-Arr       2022-11-16 13:32:27.999656 0  
IOC_TEST:m0s001-AI01-Arr       2022-11-16 13:32:28.000654 1  
IOC_TEST:m0s001-AI01-Arr       2022-11-16 13:32:28.001657 -4  
IOC_TEST:m0s001-AI01-Arr       2022-11-16 13:32:28.002654 -2  
IOC_TEST:m0s001-AI01-Arr       2022-11-16 13:32:28.003819 -2  
IOC_TEST:m0s001-AI01-Arr       2022-11-16 13:32:28.004670 -2  
IOC_TEST:m0s001-AI01-Arr       2022-11-16 13:32:28.005682 0  
IOC_TEST:m0s001-AI01-Arr       2022-11-16 13:32:28.006671 -4  
IOC_TEST:m0s001-AI01-Arr       2022-11-16 13:32:28.007672 -3  
IOC_TEST:m0s001-AI01-Arr       2022-11-16 13:32:28.008676 1  
IOC_TEST:m0s001-AI01-Arr       2022-11-16 13:32:28.009689 0  
IOC_TEST:m0s001-AI01-Arr       2022-11-16 13:32:28.010651 -3  
IOC_TEST:m0s001-AI01-Arr       2022-11-16 13:32:28.011678 0  
IOC_TEST:m0s001-AI01-Arr       2022-11-16 13:32:28.012675 0  
IOC_TEST:m0s001-AI01-Arr       2022-11-16 13:32:28.013676 0  
IOC_TEST:m0s001-AI01-Arr       2022-11-16 13:32:28.014755 -3  
IOC_TEST:m0s001-AI01-Arr       2022-11-16 13:32:28.015669 -4  
IOC_TEST:m0s001-AI01-Arr       2022-11-16 13:32:28.016639 0  
IOC_TEST:m0s001-AI01-Arr       2022-11-16 13:32:28.017641 0  
IOC_TEST:m0s001-AI01-Arr       2022-11-16 13:32:28.018732 1  
IOC_TEST:m0s001-AI01-Arr       2022-11-16 13:32:28.019660 0  
IOC_TEST:m0s001-AI01-Arr       2022-11-16 13:32:28.020646 1  
IOC_TEST:m0s001-AI01-Arr       2022-11-16 13:32:28.021660 -4  
IOC_TEST:m0s001-AI01-Arr       2022-11-16 13:32:28.022637 0  
IOC_TEST:m0s001-AI01-Arr       2022-11-16 13:32:28.023641 -6  
IOC_TEST:m0s001-AI01-Arr       2022-11-16 13:32:28.024640 -3  
IOC_TEST:m0s001-AI01-Arr       2022-11-16 13:32:28.025652 -3  
IOC_TEST:m0s001-AI01-Arr       2022-11-16 13:32:28.026642 -3  
IOC_TEST:m0s001-AI01-Arr       2022-11-16 13:32:28.027637 1  
IOC_TEST:m0s001-AI01-Arr       2022-11-16 13:32:28.028639 -2  
IOC_TEST:m0s001-AI01-Arr       2022-11-16 13:32:28.029641 -6  
IOC_TEST:m0s001-AI01-Arr       2022-11-16 13:32:28.030636 -3  
IOC_TEST:m0s001-AI01-Arr       2022-11-16 13:32:28.031640 -3  
IOC_TEST:m0s001-AI01-Arr       2022-11-16 13:32:28.032637 -3  
IOC_TEST:m0s001-AI01-Arr       2022-11-16 13:32:28.033640 0  
IOC_TEST:m0s001-AI01-Arr       2022-11-16 13:32:28.034640 -2  
IOC_TEST:m0s001-AI01-Arr       2022-11-16 13:32:28.035639 -2  
IOC_TEST:m0s001-AI01-Arr       2022-11-16 13:32:28.036637 0  
IOC_TEST:m0s001-AI01-Arr       2022-11-16 13:32:28.037676 1  
IOC_TEST:m0s001-AI01-Arr       2022-11-16 13:32:28.038671 -3  
IOC_TEST:m0s001-AI01-Arr       2022-11-16 13:32:28.039696 -3  
IOC_TEST:m0s001-AI01-Arr       2022-11-16 13:32:28.040695 -2  
IOC_TEST:m0s001-AI01-Arr       2022-11-16 13:32:28.041700 -2  
IOC_TEST:m0s001-AI01-Arr       2022-11-16 13:32:28.042678 -4  
IOC_TEST:m0s001-AI01-Arr       2022-11-16 13:32:28.043653 -4  
IOC_TEST:m0s001-AI01-Arr       2022-11-16 13:32:28.044646 0  
IOC_TEST:m0s001-AI01-Arr       2022-11-16 13:32:28.045647 -6  
IOC_TEST:m0s001-AI01-Arr       2022-11-16 13:32:28.046646 -3  
IOC_TEST:m0s001-AI01-Arr       2022-11-16 13:32:28.047648 1  
IOC_TEST:m0s001-AI01-Arr       2022-11-16 13:32:28.048644 -4  
IOC_TEST:m0s001-AI01-Arr       2022-11-16 13:32:28.049647 1  
IOC_TEST:m0s001-AI01-Arr       2022-11-16 13:32:28.050646 -3  
IOC_TEST:m0s001-AI01-Arr       2022-11-16 13:32:28.051658 -4  
IOC_TEST:m0s001-AI01-Arr       2022-11-16 13:32:28.052687 -6  
IOC_TEST:m0s001-AI01-Arr       2022-11-16 13:32:28.053685 -3  
IOC_TEST:m0s001-AI01-Arr       2022-11-16 13:32:28.054672 -2  
IOC_TEST:m0s001-AI01-Arr       2022-11-16 13:32:28.055651 -3  
IOC_TEST:m0s001-AI01-Arr       2022-11-16 13:32:28.056648 0  
IOC_TEST:m0s001-AI01-Arr       2022-11-16 13:32:28.057645 1  
IOC_TEST:m0s001-AI01-Arr       2022-11-16 13:32:28.058673 -2  
IOC_TEST:m0s001-AI01-Arr       2022-11-16 13:32:28.059653 1  
IOC_TEST:m0s001-AI01-Arr       2022-11-16 13:32:28.060647 -2  
IOC_TEST:m0s001-AI01-Arr       2022-11-16 13:32:28.061650 -3  
IOC_TEST:m0s001-AI01-Arr       2022-11-16 13:32:28.062645 -4  
IOC_TEST:m0s001-AI01-Arr       2022-11-16 13:32:28.063646 -2  
IOC_TEST:m0s001-AI01-Arr       2022-11-16 13:32:28.064649 -4  
IOC_TEST:m0s001-AI01-Arr       2022-11-16 13:32:28.065645 -3  
IOC_TEST:m0s001-AI01-Arr       2022-11-16 13:32:28.066646 1  
IOC_TEST:m0s001-AI01-Arr       2022-11-16 13:32:28.067650 -7  
IOC_TEST:m0s001-AI01-Arr       2022-11-16 13:32:28.068648 1  
IOC_TEST:m0s001-AI01-Arr       2022-11-16 13:32:28.069646 -3  
IOC_TEST:m0s001-AI01-Arr       2022-11-16 13:32:28.070693 -3  
IOC_TEST:m0s001-AI01-Arr       2022-11-16 13:32:28.071658 -3  
IOC_TEST:m0s001-AI01-Arr       2022-11-16 13:32:28.072692 -2  
IOC_TEST:m0s001-AI01-Arr       2022-11-16 13:32:28.073660 0  
IOC_TEST:m0s001-AI01-Arr       2022-11-16 13:32:28.074700 -2  
IOC_TEST:m0s001-AI01-Arr       2022-11-16 13:32:28.075665 -2  
IOC_TEST:m0s001-AI01-Arr       2022-11-16 13:32:28.076658 0  
IOC_TEST:m0s001-AI01-Arr       2022-11-16 13:32:28.077656 -2  
IOC_TEST:m0s001-AI01-Arr       2022-11-16 13:32:28.078657 -2  
IOC_TEST:m0s001-AI01-Arr       2022-11-16 13:32:28.079658 -4  
IOC_TEST:m0s001-AI01-Arr       2022-11-16 13:32:28.080657 -2  
IOC_TEST:m0s001-AI01-Arr       2022-11-16 13:32:28.081656 -3  
IOC_TEST:m0s001-AI01-Arr       2022-11-16 13:32:28.082656 1  
IOC_TEST:m0s001-AI01-Arr       2022-11-16 13:32:28.083658 -3  
IOC_TEST:m0s001-AI01-Arr       2022-11-16 13:32:28.084668 0  
IOC_TEST:m0s001-AI01-Arr       2022-11-16 13:32:28.085663 -2  
IOC_TEST:m0s001-AI01-Arr       2022-11-16 13:32:28.086653 -4  
IOC_TEST:m0s001-AI01-Arr       2022-11-16 13:32:28.087643 -3  
IOC_TEST:m0s001-AI01-Arr       2022-11-16 13:32:28.088650 0  
IOC_TEST:m0s001-AI01-Arr       2022-11-16 13:32:28.089651 -4  
IOC_TEST:m0s001-AI01-Arr       2022-11-16 13:32:28.090702 -2  
IOC_TEST:m0s001-AI01-Arr       2022-11-16 13:32:28.091661 -3  
IOC_TEST:m0s001-AI01-Arr       2022-11-16 13:32:28.092696 -3  
IOC_TEST:m0s001-AI01-Arr       2022-11-16 13:32:28.093674 2  
IOC_TEST:m0s001-AI01-Arr       2022-11-16 13:32:28.094694 0  
IOC_TEST:m0s001-AI01-Arr       2022-11-16 13:32:28.095694 -6  
IOC_TEST:m0s001-AI01-Arr       2022-11-16 13:32:28.096674 0  
IOC_TEST:m0s001-AI01-Arr       2022-11-16 13:32:28.097673 0  
IOC_TEST:m0s001-AI01-Arr       2022-11-16 13:32:28.098673 0  
IOC_TEST:m0s001-AI01-Arr       2022-11-16 13:32:28.099696 -2  
IOC_TEST:m0s001-AI01-Arr       2022-11-16 13:32:28.100698 -3  
IOC_TEST:m0s001-AI01-Arr       2022-11-16 13:32:28.101691 -3  
IOC_TEST:m0s001-AI01-Arr       2022-11-16 13:32:28.102675 0  
IOC_TEST:m0s001-AI01-Arr       2022-11-16 13:32:28.103676 -2  
IOC_TEST:m0s001-AI01-Arr       2022-11-16 13:32:28.104824 -7  
IOC_TEST:m0s001-AI01-Arr       2022-11-16 13:32:28.105776 -3  
IOC_TEST:m0s001-AI01-Arr       2022-11-16 13:32:28.106721 -3  
IOC_TEST:m0s001-AI01-Arr       2022-11-16 13:32:28.107737 -4  
IOC_TEST:m0s001-AI01-Arr       2022-11-16 13:32:28.108733 0  
IOC_TEST:m0s001-AI01-Arr       2022-11-16 13:32:28.109721 -3  
IOC_TEST:m0s001-AI01-Arr       2022-11-16 13:32:28.110721 1  
IOC_TEST:m0s001-AI01-Arr       2022-11-16 13:32:28.111728 -2  
IOC_TEST:m0s001-AI01-Arr       2022-11-16 13:32:28.112723 -2  
IOC_TEST:m0s001-AI01-Arr       2022-11-16 13:32:28.113673 -7  
IOC_TEST:m0s001-AI01-Arr       2022-11-16 13:32:28.114727 -4  
IOC_TEST:m0s001-AI01-Arr       2022-11-16 13:32:28.115710 -4  
IOC_TEST:m0s001-AI01-Arr       2022-11-16 13:32:28.116703 -2  
IOC_TEST:m0s001-AI01-Arr       2022-11-16 13:32:28.117732 -4  
IOC_TEST:m0s001-AI01-Arr       2022-11-16 13:32:28.118744 -4  
IOC_TEST:m0s001-AI01-Arr       2022-11-16 13:32:28.119729 1  
IOC_TEST:m0s001-AI01-Arr       2022-11-16 13:32:28.120703 -2  
IOC_TEST:m0s001-AI01-Arr       2022-11-16 13:32:28.121702 -2  
IOC_TEST:m0s001-AI01-Arr       2022-11-16 13:32:28.122719 -2  
IOC_TEST:m0s001-AI01-Arr       2022-11-16 13:32:28.123732 -2  
IOC_TEST:m0s001-AI01-Arr       2022-11-16 13:32:28.124743 -4  
IOC_TEST:m0s001-AI01-Arr       2022-11-16 13:32:28.125709 -3  
IOC_TEST:m0s001-AI01-Arr       2022-11-16 13:32:28.126702 0  
IOC_TEST:m0s001-AI01-Arr       2022-11-16 13:32:28.127703 -2  
IOC_TEST:m0s001-AI01-Arr       2022-11-16 13:32:28.128702 -3  
IOC_TEST:m0s001-AI01-Arr       2022-11-16 13:32:28.129702 -2  
IOC_TEST:m0s001-AI01-Arr       2022-11-16 13:32:28.130702 -4  
IOC_TEST:m0s001-AI01-Arr       2022-11-16 13:32:28.131702 -4  
IOC_TEST:m0s001-AI01-Arr       2022-11-16 13:32:28.132703 -6  
IOC_TEST:m0s001-AI01-Arr       2022-11-16 13:32:28.133699 -6  
IOC_TEST:m0s001-AI01-Arr       2022-11-16 13:32:28.134714 -3  
IOC_TEST:m0s001-AI01-Arr       2022-11-16 13:32:28.135698 -4  
IOC_TEST:m0s001-AI01-Arr       2022-11-16 13:32:28.136701 -3  
IOC_TEST:m0s001-AI01-Arr       2022-11-16 13:32:28.137702 0  
IOC_TEST:m0s001-AI01-Arr       2022-11-16 13:32:28.138704 -3  
IOC_TEST:m0s001-AI01-Arr       2022-11-16 13:32:28.139704 0  
IOC_TEST:m0s001-AI01-Arr       2022-11-16 13:32:28.140715 -3  
IOC_TEST:m0s001-AI01-Arr       2022-11-16 13:32:28.141707 -3  
IOC_TEST:m0s001-AI01-Arr       2022-11-16 13:32:28.142705 0  
IOC_TEST:m0s001-AI01-Arr       2022-11-16 13:32:28.143693 -3  
IOC_TEST:m0s001-AI01-Arr       2022-11-16 13:32:28.144768 0  
IOC_TEST:m0s001-AI01-Arr       2022-11-16 13:32:28.145694 -6  
IOC_TEST:m0s001-AI01-Arr       2022-11-16 13:32:28.146660 -3  
IOC_TEST:m0s001-AI01-Arr       2022-11-16 13:32:28.147645 -3  
IOC_TEST:m0s001-AI01-Arr       2022-11-16 13:32:28.148681 1  
IOC_TEST:m0s001-AI01-Arr       2022-11-16 13:32:28.149691 -2  
IOC_TEST:m0s001-AI01-Arr       2022-11-16 13:32:28.150742 5  
IOC_TEST:m0s001-AI01-Arr       2022-11-16 13:32:28.151677 1  
IOC_TEST:m0s001-AI01-Arr       2022-11-16 13:32:28.152700 1  
IOC_TEST:m0s001-AI01-Arr       2022-11-16 13:32:28.153702 -2  
IOC_TEST:m0s001-AI01-Arr       2022-11-16 13:32:28.154659 1  
IOC_TEST:m0s001-AI01-Arr       2022-11-16 13:32:28.155659 -2  
IOC_TEST:m0s001-AI01-Arr       2022-11-16 13:32:28.156650 0  
IOC_TEST:m0s001-AI01-Arr       2022-11-16 13:32:28.157657 -2  
IOC_TEST:m0s001-AI01-Arr       2022-11-16 13:32:28.158658 -3  
IOC_TEST:m0s001-AI01-Arr       2022-11-16 13:32:28.159671 -3  
IOC_TEST:m0s001-AI01-Arr       2022-11-16 13:32:28.160692 1  
IOC_TEST:m0s001-AI01-Arr       2022-11-16 13:32:28.161663 -2  
IOC_TEST:m0s001-AI01-Arr       2022-11-16 13:32:28.162664 -6  
IOC_TEST:m0s001-AI01-Arr       2022-11-16 13:32:28.163659 0  
IOC_TEST:m0s001-AI01-Arr       2022-11-16 13:32:28.164659 -2  
IOC_TEST:m0s001-AI01-Arr       2022-11-16 13:32:28.165657 -3  
IOC_TEST:m0s001-AI01-Arr       2022-11-16 13:32:28.166662 -2  
IOC_TEST:m0s001-AI01-Arr       2022-11-16 13:32:28.167658 -3  
IOC_TEST:m0s001-AI01-Arr       2022-11-16 13:32:28.168659 -2  
IOC_TEST:m0s001-AI01-Arr       2022-11-16 13:32:28.169695 -3  
IOC_TEST:m0s001-AI01-Arr       2022-11-16 13:32:28.170664 -6  
IOC_TEST:m0s001-AI01-Arr       2022-11-16 13:32:28.171662 0  
IOC_TEST:m0s001-AI01-Arr       2022-11-16 13:32:28.172663 -2  
IOC_TEST:m0s001-AI01-Arr       2022-11-16 13:32:28.173657 -4  
IOC_TEST:m0s001-AI01-Arr       2022-11-16 13:32:28.174654 0  
