
Sensor 2

3mm
IOC_TEST:ec0-s2-EL3174_0to10V-AI2 2022-04-20 10:34:17.054614 2.99236  
IOC_TEST:ec0-s2-EL3174_0to10V-AI2 2022-04-20 10:34:17.154619 2.99271  
IOC_TEST:ec0-s2-EL3174_0to10V-AI2 2022-04-20 10:34:17.254618 2.99236  
IOC_TEST:ec0-s2-EL3174_0to10V-AI2 2022-04-20 10:34:17.354616 2.99271  
IOC_TEST:ec0-s2-EL3174_0to10V-AI2 2022-04-20 10:34:17.554614 2.99202  
IOC_TEST:ec0-s2-EL3174_0to10V-AI2 2022-04-20 10:34:17.654616 2.99271  
IOC_TEST:ec0-s2-EL3174_0to10V-AI2 2022-04-20 10:34:17.754617 2.99236  
IOC_TEST:ec0-s2-EL3174_0to10V-AI2 2022-04-20 10:34:17.854614 2.99202  
IOC_TEST:ec0-s2-EL3174_0to10V-AI2 2022-04-20 10:34:17.954614 2.99167  
IOC_TEST:ec0-s2-EL3174_0to10V-AI2 2022-04-20 10:34:18.054614 2.99236  
IOC_TEST:ec0-s2-EL3174_0to10V-AI2 2022-04-20 10:34:18.254617 2.99202  
IOC_TEST:ec0-s2-EL3174_0to10V-AI2 2022-04-20 10:34:18.354614 2.99236  
IOC_TEST:ec0-s2-EL3174_0to10V-AI2 2022-04-20 10:34:18.454614 2.99202  
IOC_TEST:ec0-s2-EL3174_0to10V-AI2 2022-04-20 10:34:18.554615 2.99236  
IOC_TEST:ec0-s2-EL3174_0to10V-AI2 2022-04-20 10:34:18.654667 2.99202  
IOC_TEST:ec0-s2-EL3174_0to10V-AI2 2022-04-20 10:34:18.754614 2.99236  
IOC_TEST:ec0-s2-EL3174_0to10V-AI2 2022-04-20 10:34:18.854614 2.99271  
IOC_TEST:ec0-s2-EL3174_0to10V-AI2 2022-04-20 10:34:18.954614 2.99236 

6mm
IOC_TEST:ec0-s2-EL3174_0to10V-AI2 2022-04-20 10:34:31.154616 6.00638  
IOC_TEST:ec0-s2-EL3174_0to10V-AI2 2022-04-20 10:34:31.354617 6.00689  
IOC_TEST:ec0-s2-EL3174_0to10V-AI2 2022-04-20 10:34:31.454617 6.00588  
IOC_TEST:ec0-s2-EL3174_0to10V-AI2 2022-04-20 10:34:31.554617 6.00638  
IOC_TEST:ec0-s2-EL3174_0to10V-AI2 2022-04-20 10:34:31.654617 6.00689  
IOC_TEST:ec0-s2-EL3174_0to10V-AI2 2022-04-20 10:34:31.754618 6.00739  
IOC_TEST:ec0-s2-EL3174_0to10V-AI2 2022-04-20 10:34:32.054616 6.00789  
IOC_TEST:ec0-s2-EL3174_0to10V-AI2 2022-04-20 10:34:32.154617 6.00739  
IOC_TEST:ec0-s2-EL3174_0to10V-AI2 2022-04-20 10:34:32.354617 6.00839  
IOC_TEST:ec0-s2-EL3174_0to10V-AI2 2022-04-20 10:34:32.454617 6.00739  
IOC_TEST:ec0-s2-EL3174_0to10V-AI2 2022-04-20 10:34:32.554616 6.00789  
IOC_TEST:ec0-s2-EL3174_0to10V-AI2 2022-04-20 10:34:32.754643 6.00739  
IOC_TEST:ec0-s2-EL3174_0to10V-AI2 2022-04-20 10:34:32.954643 6.00689  
IOC_TEST:ec0-s2-EL3174_0to10V-AI2 2022-04-20 10:34:33.054618 6.00839  
IOC_TEST:ec0-s2-EL3174_0to10V-AI2 2022-04-20 10:34:33.154617 6.00739  
IOC_TEST:ec0-s2-EL3174_0to10V-AI2 2022-04-20 10:34:33.254619 6.00789  
IOC_TEST:ec0-s2-EL3174_0to10V-AI2 2022-04-20 10:34:33.454643 6.00739 

9mm
IOC_TEST:ec0-s2-EL3174_0to10V-AI2 2022-04-20 10:34:49.554618 9.00842  
IOC_TEST:ec0-s2-EL3174_0to10V-AI2 2022-04-20 10:34:49.654616 9.00557  
IOC_TEST:ec0-s2-EL3174_0to10V-AI2 2022-04-20 10:34:49.754617 9.00273  
IOC_TEST:ec0-s2-EL3174_0to10V-AI2 2022-04-20 10:34:50.054617 9.00201  
IOC_TEST:ec0-s2-EL3174_0to10V-AI2 2022-04-20 10:34:50.254618 8.99991  
IOC_TEST:ec0-s2-EL3174_0to10V-AI2 2022-04-20 10:34:50.454617 9.00344  
IOC_TEST:ec0-s2-EL3174_0to10V-AI2 2022-04-20 10:34:50.654617 9.00415  
IOC_TEST:ec0-s2-EL3174_0to10V-AI2 2022-04-20 10:34:50.754618 9.00344  
IOC_TEST:ec0-s2-EL3174_0to10V-AI2 2022-04-20 10:34:50.854617 9.00557  
IOC_TEST:ec0-s2-EL3174_0to10V-AI2 2022-04-20 10:34:50.954617 9.00415  
IOC_TEST:ec0-s2-EL3174_0to10V-AI2 2022-04-20 10:34:51.054618 9.00557  
IOC_TEST:ec0-s2-EL3174_0to10V-AI2 2022-04-20 10:34:51.154617 9.00486  
IOC_TEST:ec0-s2-EL3174_0to10V-AI2 2022-04-20 10:34:51.254616 9.007  
IOC_TEST:ec0-s2-EL3174_0to10V-AI2 2022-04-20 10:34:51.354618 9.00486  
IOC_TEST:ec0-s2-EL3174_0to10V-AI2 2022-04-20 10:34:51.454616 9.007  
IOC_TEST:ec0-s2-EL3174_0to10V-AI2 2022-04-20 10:34:51.654616 9.00842  
IOC_TEST:ec0-s2-EL3174_0to10V-AI2 2022-04-20 10:34:51.754618 9.00771  
IOC_TEST:ec0-s2-EL3174_0to10V-AI2 2022-04-20 10:34:51.854617 9.00914  
IOC_TEST:ec0-s2-EL3174_0to10V-AI2 2022-04-20 10:34:51.954616 9.00771  
IOC_TEST:ec0-s2-EL3174_0to10V-AI2 2022-04-20 10:34:52.054618 9.00842  
IOC_TEST:ec0-s2-EL3174_0to10V-AI2 2022-04-20 10:34:52.154617 9.00914 

12mm
IOC_TEST:ec0-s2-EL3174_0to10V-AI2 2022-04-20 10:35:03.054617 11.9222  
IOC_TEST:ec0-s2-EL3174_0to10V-AI2 2022-04-20 10:35:03.154615 11.9167  
IOC_TEST:ec0-s2-EL3174_0to10V-AI2 2022-04-20 10:35:03.254617 11.9309  
IOC_TEST:ec0-s2-EL3174_0to10V-AI2 2022-04-20 10:35:03.354614 11.9124  
IOC_TEST:ec0-s2-EL3174_0to10V-AI2 2022-04-20 10:35:03.454614 11.9298  
IOC_TEST:ec0-s2-EL3174_0to10V-AI2 2022-04-20 10:35:03.554616 11.9222  
IOC_TEST:ec0-s2-EL3174_0to10V-AI2 2022-04-20 10:35:03.654615 11.9189  
IOC_TEST:ec0-s2-EL3174_0to10V-AI2 2022-04-20 10:35:03.754614 11.9266  
IOC_TEST:ec0-s2-EL3174_0to10V-AI2 2022-04-20 10:35:03.854617 11.92  
IOC_TEST:ec0-s2-EL3174_0to10V-AI2 2022-04-20 10:35:03.954617 11.9211  
IOC_TEST:ec0-s2-EL3174_0to10V-AI2 2022-04-20 10:35:04.054614 11.9266  
IOC_TEST:ec0-s2-EL3174_0to10V-AI2 2022-04-20 10:35:04.154617 11.9189  
IOC_TEST:ec0-s2-EL3174_0to10V-AI2 2022-04-20 10:35:04.254617 11.92  
IOC_TEST:ec0-s2-EL3174_0to10V-AI2 2022-04-20 10:35:04.354614 11.932  
IOC_TEST:ec0-s2-EL3174_0to10V-AI2 2022-04-20 10:35:04.454617 11.9124  
IOC_TEST:ec0-s2-EL3174_0to10V-AI2 2022-04-20 10:35:04.554617 11.9277  
IOC_TEST:ec0-s2-EL3174_0to10V-AI2 2022-04-20 10:35:04.654619 11.9255  
IOC_TEST:ec0-s2-EL3174_0to10V-AI2 2022-04-20 10:35:04.754617 11.9135  
IOC_TEST:ec0-s2-EL3174_0to10V-AI2 2022-04-20 10:35:04.854614 11.9309  
IOC_TEST:ec0-s2-EL3174_0to10V-AI2 2022-04-20 10:35:04.954614 11.9211  

15mm
IOC_TEST:ec0-s2-EL3174_0to10V-AI2 2022-04-20 10:35:14.854617 14.6957  
IOC_TEST:ec0-s2-EL3174_0to10V-AI2 2022-04-20 10:35:15.054616 14.6332  
IOC_TEST:ec0-s2-EL3174_0to10V-AI2 2022-04-20 10:35:15.154617 14.6287  
IOC_TEST:ec0-s2-EL3174_0to10V-AI2 2022-04-20 10:35:15.254618 14.6823  
IOC_TEST:ec0-s2-EL3174_0to10V-AI2 2022-04-20 10:35:15.354617 14.6667  
IOC_TEST:ec0-s2-EL3174_0to10V-AI2 2022-04-20 10:35:15.454617 14.66  
IOC_TEST:ec0-s2-EL3174_0to10V-AI2 2022-04-20 10:35:15.554617 14.7002  
IOC_TEST:ec0-s2-EL3174_0to10V-AI2 2022-04-20 10:35:15.654617 14.689  
IOC_TEST:ec0-s2-EL3174_0to10V-AI2 2022-04-20 10:35:15.754617 14.6265  
IOC_TEST:ec0-s2-EL3174_0to10V-AI2 2022-04-20 10:35:15.854616 14.6399  
IOC_TEST:ec0-s2-EL3174_0to10V-AI2 2022-04-20 10:35:15.954616 14.6778  
IOC_TEST:ec0-s2-EL3174_0to10V-AI2 2022-04-20 10:35:16.054617 14.6533  
IOC_TEST:ec0-s2-EL3174_0to10V-AI2 2022-04-20 10:35:16.154616 14.651  
IOC_TEST:ec0-s2-EL3174_0to10V-AI2 2022-04-20 10:35:16.254617 14.7069  
IOC_TEST:ec0-s2-EL3174_0to10V-AI2 2022-04-20 10:35:16.354616 14.7158  
IOC_TEST:ec0-s2-EL3174_0to10V-AI2 2022-04-20 10:35:16.454617 14.6577  
IOC_TEST:ec0-s2-EL3174_0to10V-AI2 2022-04-20 10:35:16.554617 14.6421  
IOC_TEST:ec0-s2-EL3174_0to10V-AI2 2022-04-20 10:35:16.654616 14.6667  
IOC_TEST:ec0-s2-EL3174_0to10V-AI2 2022-04-20 10:35:16.754617 14.6488  
IOC_TEST:ec0-s2-EL3174_0to10V-AI2 2022-04-20 10:35:16.954617 14.7136  
IOC_TEST:ec0-s2-EL3174_0to10V-AI2 2022-04-20 10:35:17.054617 14.6845  
IOC_TEST:ec0-s2-EL3174_0to10V-AI2 2022-04-20 10:35:17.154617 14.6399  
IOC_TEST:ec0-s2-EL3174_0to10V-AI2 2022-04-20 10:35:17.254617 14.6689  
IOC_TEST:ec0-s2-EL3174_0to10V-AI2 2022-04-20 10:35:17.354617 14.66  
IOC_TEST:ec0-s2-EL3174_0to10V-AI2 2022-04-20 10:35:17.454616 14.6332 




